001 1 1 6 6 4548
001 1 1 7 7 3996
001 1 1 7 7 6354
001 111 72 7 7 3500
001 101 39 6 6 3414
001 101 41 6 6 9361
001 111 81 6 6 4218
001 30 31 6 6 11862
001 30 30 6 6 5278
001 30 3 6 6 4223
001 111 88 7 7 10505
001 101 46 6 6 2848
001 111 84 7 7 3905
001 111 95 7 7 3418
001 30 13 7 6 5002
001 101 47 6 7 8279
001 111 100 7 7 4774
001 30 15 7 7 5333
001 101 37 6 6 6167
001 111 90 7 7 4248
001 101 56 7 7 3531
001 111 89 7 7 5516
001 30 12 7 6 5959
001 30 26 7 7 4550
001 111 102 7 7 4592
001 101 44 6 6 4775
001 111 70 7 7 3678
001 101 51 7 6 7755
001 101 45 6 6 3328
001 101 52 7 6 6772
001 111 96 7 7 7309
001 30 29 6 6 4314
001 30 1 6 6 8609
001 111 76 7 6 4298
001 111 101 7 7 5041
001 30 14 7 7 6858
001 111 87 6 6 3309
001 30 8 6 6 5265
001 30 18 7 7 3690
001 111 107 7 7 4307
001 111 65 7 7 5996
001 101 59 7 7 5161
001 111 105 6 6 6638
001 111 91 6 6 7903
001 111 106 7 7 2963
001 101 49 7 7 8467
001 111 99 6 6 4931
001 111 61 6 6 3790
001 111 94 7 7 9810
001 30 9 6 6 5197
001 101 60 7 6 3975
001 30 7 6 6 6587
001 30 6 6 7 8679
001 111 77 7 6 5668
001 101 53 7 6 3810
001 111 83 7 7 4750
001 111 63 6 7 5931
001 30 21 7 6 11293
001 111 104 6 6 4798
001 111 73 6 7 4432
001 111 79 6 6 3170
001 101 57 7 7 2207
001 101 55 7 7 4152
001 30 2 6 6 3401
001 101 38 6 6 6218
001 101 54 7 7 4340
001 111 78 7 7 4167
001 101 50 7 7 5627
001 101 58 7 6 3826
001 111 75 6 6 3668
001 30 17 7 7 4657
001 30 10 7 6 5765
001 30 32 6 6 5999
001 111 67 6 6 6236
001 111 80 6 6 4403
001 30 28 6 6 3310
001 30 19 7 7 3287
001 111 85 6 6 2411
001 111 98 6 6 4341
001 30 5 6 6 4183
001 101 48 6 6 2193
001 101 43 6 6 3040
001 30 27 7 7 7830
001 111 71 7 6 4849
001 30 11 7 7 4629
001 30 35 6 6 3359
001 111 82 7 6 5456
001 111 97 6 7 4869
001 111 74 6 7 11684
001 111 108 7 7 3873
001 30 23 7 7 5786
001 30 4 6 6 4924
001 111 64 7 7 2560
001 101 40 6 6 2902
001 111 92 6 7 5417
001 30 22 7 6 5181
001 30 20 7 6 12193
001 30 34 6 6 5441
001 111 103 6 6 4800
001 30 24 7 6 7852
001 30 33 6 6 6272
001 30 16 7 7 7235
001 111 68 6 6 3297
001 30 25 7 6 6092
001 111 69 6 6 2643
001 111 93 6 6 2974
001 101 42 6 6 2649
001 111 86 6 6 2460
001 30 36 6 6 6066
001 111 66 7 6 6318
001 111 62 6 6 2915
002 1 1 6 6 4572
002 1 1 7 7 2641
002 1 1 7 7 5156
002 111 83 7 6 3692
002 30 28 6 6 2774
002 111 100 7 7 4513
002 30 17 7 7 5970
002 111 87 6 6 1908
002 30 25 7 7 4693
002 101 41 6 6 7333
002 101 49 7 7 4901
002 111 63 6 6 5011
002 30 8 6 6 2768
002 111 65 7 7 14357
002 111 81 6 6 2480
002 30 31 6 6 4709
002 111 74 6 6 4797
002 111 93 6 6 2667
002 30 32 6 6 8952
002 30 13 7 7 1905
002 101 44 6 6 4186
002 101 59 7 7 3962
002 30 15 7 7 4324
002 101 37 6 6 2359
002 111 82 7 7 2728
002 101 51 7 7 9198
002 30 7 6 6 4660
002 111 70 7 7 3016
002 111 61 6 6 2564
002 111 85 6 6 2896
002 111 103 6 6 4121
002 30 19 7 7 4028
002 101 42 6 6 4905
002 111 73 6 7 4679
002 111 67 6 6 3747
002 111 89 7 7 4103
002 111 90 7 7 3144
002 30 16 7 7 3623
002 101 53 7 7 10013
002 30 26 7 7 2728
002 30 3 6 6 2722
002 111 80 6 6 2270
002 111 72 7 7 3665
002 111 64 7 7 1953
002 30 14 7 7 3339
002 101 56 7 7 2334
002 101 48 6 6 3752
002 111 75 6 6 3460
002 101 54 7 7 4452
002 111 106 7 6 10504
002 111 104 6 6 2830
002 30 24 7 7 2879
002 101 58 7 7 2352
002 30 6 6 6 6122
002 111 97 6 7 4308
002 30 20 7 7 7239
002 111 69 6 6 1772
002 111 84 7 7 2622
002 111 96 7 7 2536
002 111 102 7 7 3094
002 30 30 6 6 2421
002 111 68 6 6 2333
002 111 98 6 6 3010
002 101 38 6 6 2763
002 30 29 6 6 1754
002 111 79 6 6 1964
002 30 9 6 6 5561
002 30 5 6 6 2892
002 111 62 6 6 2767
002 101 45 6 6 2034
002 101 40 6 7 3446
002 101 60 7 7 3018
002 111 76 7 7 3409
002 111 92 6 6 12617
002 101 43 6 6 3547
002 111 94 7 6 8649
002 30 22 7 6 11622
002 111 105 6 6 7740
002 30 34 6 6 7821
002 101 57 7 7 4996
002 30 35 6 6 3000
002 111 71 7 7 6124
002 30 1 6 6 5585
002 111 108 7 7 2465
002 30 27 7 7 3601
002 101 39 6 6 2289
002 101 55 7 7 4159
002 30 12 7 6 5805
002 30 18 7 7 1982
002 30 10 7 7 1923
002 111 88 7 7 2933
002 101 47 6 7 10673
002 30 2 6 6 1931
002 30 11 7 7 5670
002 111 77 7 7 6382
002 101 46 6 6 3391
002 111 107 7 7 2589
002 30 4 6 6 6401
002 111 66 7 7 5590
002 111 101 7 7 3190
002 30 33 6 6 2763
002 101 50 7 6 7442
002 111 91 6 6 2701
002 30 36 6 6 2716
002 101 52 7 7 2955
002 30 23 7 7 2567
002 111 86 6 6 2035
002 30 21 7 7 5030
002 111 95 7 7 4376
002 111 78 7 7 4063
002 111 99 6 6 3519
003 1 1 6 6 1994
003 1 1 7 6 2885
003 1 1 7 7 2884
003 111 88 7 6 3883
003 30 14 7 7 2730
003 101 56 7 7 1887
003 101 39 6 6 1975
003 101 46 6 6 2779
003 111 65 7 6 3547
003 101 51 7 7 2239
003 30 11 7 7 3183
003 30 25 7 7 2458
003 101 41 6 6 1863
003 111 96 7 7 3069
003 111 76 7 7 3039
003 111 108 7 7 2244
003 111 102 7 7 2886
003 111 92 6 6 4282
003 111 93 6 6 2468
003 111 97 6 7 2769
003 111 68 6 6 2755
003 101 40 6 6 1907
003 111 73 6 7 1604
003 30 31 6 6 4336
003 30 21 7 7 5590
003 111 85 6 6 1740
003 30 1 6 6 4006
003 30 28 6 6 1639
003 30 32 6 7 4658
003 111 91 6 6 2397
003 111 101 7 7 2055
003 101 53 7 7 3382
003 111 90 7 7 2073
003 30 9 6 6 3589
003 111 87 6 6 1745
003 111 77 7 7 2496
003 111 94 7 7 2856
003 101 52 7 7 3289
003 111 86 6 6 2166
003 30 26 7 7 2572
003 111 61 6 6 2643
003 30 4 6 6 3478
003 111 82 7 7 2009
003 101 59 7 7 2124
003 30 27 7 7 3078
003 111 84 7 7 1626
003 30 3 6 6 2176
003 111 69 6 6 2649
003 111 62 6 6 1858
003 111 72 7 7 2300
003 111 74 6 6 2403
003 101 47 6 6 2724
003 101 49 7 7 2863
003 111 80 6 6 2369
003 111 99 6 7 1975
003 111 64 7 7 1710
003 111 71 7 7 2279
003 101 60 7 7 2093
003 30 8 6 6 2608
003 101 55 7 7 2523
003 111 107 7 7 1951
003 30 16 7 7 1825
003 101 42 6 6 1978
003 30 20 7 6 2785
003 30 15 7 6 3879
003 30 35 6 6 2216
003 111 104 6 6 1934
003 111 81 6 6 2339
003 101 37 6 6 2724
003 30 6 6 6 2528
003 101 50 7 6 3327
003 30 36 6 6 3010
003 30 23 7 7 2967
003 101 45 6 6 1718
003 30 29 6 6 2798
003 30 2 6 6 2020
003 111 79 6 6 2199
003 101 48 6 6 1889
003 30 7 6 6 2220
003 30 10 7 7 1978
003 111 67 6 6 3626
003 111 75 6 6 2352
003 111 89 7 7 2064
003 111 98 6 6 2663
003 111 83 7 7 3802
003 111 95 7 7 2448
003 111 66 7 7 1886
003 111 63 6 6 3325
003 111 100 7 7 2374
003 30 22 7 7 3258
003 30 30 6 7 3548
003 111 106 7 7 1720
003 30 5 6 6 2995
003 111 78 7 6 2437
003 111 70 7 7 2204
003 111 103 6 6 1919
003 101 57 7 7 1447
003 111 105 6 6 2370
003 101 43 6 6 2460
003 30 17 7 7 2826
003 30 19 7 7 1567
003 30 13 7 7 1907
003 101 54 7 6 2787
003 30 34 6 6 3775
003 30 18 7 7 1834
003 101 58 7 6 2532
003 30 33 6 6 1665
003 30 24 7 6 3016
003 30 12 7 6 3546
003 101 38 6 7 2109
003 101 44 6 6 2273
004 1 1 6 7 3603
004 1 1 7 7 1932
004 1 1 7 7 3484
004 111 85 6 6 2147
004 30 29 6 6 3652
004 101 57 7 7 2313
004 111 64 7 7 1665
004 30 12 7 6 4491
004 111 100 7 7 2549
004 30 13 7 7 1838
004 30 22 7 7 5563
004 101 43 6 6 2034
004 111 96 7 7 2210
004 111 95 7 7 2122
004 111 70 7 7 1957
004 111 108 7 7 1797
004 111 98 6 6 1967
004 111 90 7 7 1884
004 101 39 6 6 2383
004 101 54 7 6 3127
004 30 25 7 7 3185
004 30 19 7 7 2187
004 30 35 6 6 2336
004 111 63 6 6 3660
004 101 50 7 7 2922
004 111 101 7 7 1853
004 30 21 7 7 6063
004 101 42 6 6 1606
004 30 5 6 6 3797
004 101 49 7 7 2834
004 111 72 7 7 3248
004 111 69 6 6 1766
004 30 34 6 6 2546
004 111 86 6 6 2630
004 111 97 6 7 2481
004 30 14 7 7 2682
004 30 24 7 7 3650
004 111 88 7 7 2625
004 30 9 6 6 3521
004 111 79 6 6 2152
004 30 26 7 7 3181
004 30 15 7 7 1950
004 30 11 7 7 3907
004 111 92 6 6 2167
004 111 66 7 6 3624
004 111 103 6 6 1803
004 30 27 7 7 3117
004 101 58 7 7 2552
004 30 30 6 6 3304
004 101 38 6 7 3231
004 111 67 6 6 4012
004 101 60 7 7 2755
004 111 93 6 6 1892
004 111 76 7 7 2580
004 30 3 6 6 1917
004 111 75 6 6 1784
004 111 107 7 7 1778
004 30 31 6 6 3611
004 111 91 6 6 2482
004 111 99 6 6 2294
004 101 48 6 6 1991
004 101 41 6 6 2118
004 111 84 7 7 1660
004 30 28 6 6 8542
004 111 65 7 7 5178
004 30 33 6 6 4072
004 30 10 7 7 3043
004 30 23 7 7 5254
004 101 55 7 7 2205
004 101 40 6 6 1811
004 101 51 7 7 3821
004 30 36 6 6 4192
004 101 56 7 7 1772
004 111 73 6 7 2045
004 30 20 7 7 5897
004 30 18 7 7 2149
004 101 37 6 6 1697
004 111 89 7 7 2120
004 111 68 6 6 2486
004 101 47 6 6 6287
004 111 81 6 6 1610
004 111 71 7 7 3301
004 30 16 7 6 2812
004 101 59 7 7 1693
004 101 53 7 7 2844
004 101 46 6 6 1566
004 30 32 6 6 4728
004 111 77 7 7 1474
004 111 87 6 6 1834
004 30 7 6 6 2140
004 111 82 7 7 3119
004 30 6 6 6 7902
004 101 45 6 6 1874
004 30 17 7 7 2733
004 111 105 6 7 3956
004 30 8 6 6 1929
004 30 2 6 6 1357
004 111 61 6 6 1615
004 30 1 6 6 4428
004 111 80 6 6 1995
004 111 74 6 6 5970
004 101 52 7 7 1900
004 111 106 7 7 2084
004 111 78 7 7 2117
004 101 44 6 6 2104
004 111 94 7 7 3891
004 111 104 6 6 2031
004 30 4 6 6 2183
004 111 83 7 7 4675
004 111 102 7 7 1799
004 111 62 6 6 2047
005 1 1 6 6 3591
005 1 1 7 7 2245
005 1 1 7 7 3487
005 111 85 6 6 2114
005 111 78 7 7 4757
005 111 91 6 6 2821
005 111 101 7 7 2894
005 111 107 7 7 2397
005 30 14 7 7 3446
005 30 34 6 6 2114
005 30 17 7 7 2405
005 30 26 7 7 2403
005 30 36 6 6 3130
005 111 71 7 6 2941
005 101 38 6 7 5020
005 30 3 6 6 2798
005 101 47 6 6 4582
005 111 89 7 7 2106
005 101 54 7 7 7427
005 30 33 6 6 3816
005 111 63 6 6 1873
005 111 104 6 6 1930
005 101 60 7 7 2516
005 30 31 6 6 5080
005 101 52 7 7 3508
005 111 102 7 7 7926
005 30 20 7 7 6154
005 111 82 7 7 2665
005 111 95 7 7 2101
005 111 88 7 7 3092
005 111 108 7 7 1786
005 30 10 7 7 2278
005 111 64 7 7 1802
005 111 106 7 7 2195
005 101 37 6 6 2046
005 101 59 7 7 1663
005 111 105 6 6 6660
005 30 27 7 7 5137
005 101 45 6 6 1779
005 101 56 7 7 4891
005 111 97 6 7 6157
005 30 9 6 6 3685
005 101 43 6 6 4522
005 30 16 7 7 4875
005 30 22 7 7 6253
005 101 51 7 7 7101
005 111 73 6 6 5061
005 30 21 7 7 3747
005 30 15 7 7 2737
005 111 68 6 6 4481
005 111 86 6 6 1727
005 111 74 6 6 2832
005 111 67 6 6 4144
005 30 24 7 6 2966
005 111 79 6 6 2785
005 111 77 7 7 2230
005 30 19 7 7 1716
005 111 65 7 6 18129
005 111 99 6 6 1712
005 30 25 7 7 4911
005 101 57 7 7 1628
005 111 69 6 6 1712
005 111 93 6 6 2425
005 111 81 6 6 3053
005 30 11 7 7 11662
005 111 70 7 7 1735
005 30 35 6 6 4855
005 111 98 6 6 3678
005 30 12 7 6 2902
005 30 8 6 6 2382
005 111 80 6 6 2202
005 30 5 6 6 4120
005 111 75 6 6 1863
005 30 18 7 7 2333
005 30 2 6 6 1759
005 30 6 6 6 4023
005 30 29 6 6 2467
005 101 42 6 6 1504
005 101 53 7 6 2886
005 30 1 6 6 5971
005 101 40 6 6 2217
005 101 44 6 6 4658
005 111 94 7 7 6990
005 111 76 7 7 5107
005 111 103 6 6 2010
005 101 46 6 6 6206
005 30 4 6 6 3321
005 111 62 6 6 2266
005 111 72 7 7 2620
005 101 58 7 7 2310
005 101 39 6 6 1534
005 101 50 7 6 4183
005 30 13 7 7 1744
005 101 48 6 6 2253
005 30 28 6 7 2350
005 101 49 7 7 2837
005 111 92 6 6 3518
005 30 23 7 7 2637
005 111 84 7 7 2594
005 111 66 7 7 3938
005 30 7 6 6 2297
005 111 61 6 6 3050
005 111 87 6 6 1398
005 101 41 6 6 2140
005 111 100 7 7 4024
005 30 32 6 6 2705
005 101 55 7 6 4730
005 111 96 7 7 3426
005 111 90 7 7 1806
005 111 83 7 6 1980
005 30 30 6 6 4126
006 1 1 6 6 3253
006 1 1 7 7 1693
006 1 1 7 7 2719
006 101 53 7 7 3941
006 111 74 6 7 2787
006 30 33 6 6 4349
006 30 32 6 6 3453
006 111 63 6 6 2041
006 30 21 7 7 4135
006 30 25 7 7 3096
006 30 30 6 6 2175
006 111 82 7 7 2070
006 111 107 7 7 1851
006 101 43 6 6 1674
006 30 22 7 7 2625
006 30 19 7 7 2077
006 30 31 6 6 5186
006 111 66 7 7 2978
006 101 60 7 7 2289
006 111 93 6 6 2076
006 101 48 6 6 1817
006 111 81 6 6 5229
006 30 8 6 6 2270
006 101 42 6 6 1516
006 101 37 6 6 1858
006 111 65 7 7 7614
006 101 39 6 6 1560
006 111 104 6 6 1769
006 111 102 7 7 2793
006 30 11 7 7 2515
006 101 46 6 6 1676
006 101 51 7 7 3838
006 111 80 6 6 1970
006 30 12 7 6 4856
006 111 97 6 7 1661
006 111 75 6 6 1510
006 30 10 7 7 1719
006 30 5 6 6 2162
006 111 70 7 7 1641
006 111 78 7 6 2294
006 111 95 7 7 1859
006 111 84 7 7 1677
006 111 86 6 6 1865
006 111 69 6 6 1524
006 30 2 6 6 2205
006 101 49 7 7 1717
006 101 40 6 6 1408
006 101 59 7 7 1606
006 30 4 6 6 3790
006 111 73 6 6 1837
006 111 96 7 6 3197
006 111 94 7 6 4978
006 30 29 6 6 1836
006 111 79 6 6 2400
006 101 38 6 7 2774
006 30 15 7 7 2549
006 111 90 7 7 1454
006 101 45 6 6 1624
006 111 101 7 7 1922
006 30 36 6 6 2680
006 101 56 7 7 2971
006 30 13 7 7 4489
006 30 3 6 6 2693
006 30 18 7 7 1312
006 111 89 7 7 4173
006 111 77 7 7 2144
006 101 47 6 6 2667
006 30 7 6 6 2446
006 30 14 7 7 2408
006 101 57 7 7 2090
006 101 58 7 7 1855
006 111 106 7 7 1580
006 111 103 6 6 1598
006 30 35 6 6 2220
006 111 72 7 7 1541
006 30 9 6 6 5021
006 101 55 7 7 2244
006 111 62 6 6 1562
006 111 61 6 6 1790
006 30 23 7 7 2115
006 111 85 6 6 1216
006 111 83 7 6 3137
006 111 91 6 6 1980
006 101 54 7 7 2541
006 111 76 7 7 2177
006 30 17 7 7 5513
006 101 44 6 6 2340
006 111 67 6 6 2583
006 111 64 7 7 1390
006 111 98 6 6 1834
006 30 28 6 6 2240
006 30 24 7 7 2510
006 30 34 6 6 2179
006 101 50 7 7 2088
006 111 108 7 7 1489
006 111 68 6 6 1803
006 30 20 7 7 2916
006 30 1 6 6 1672
006 30 27 7 7 1983
006 111 105 6 6 2195
006 111 87 6 6 1323
006 111 88 7 7 1801
006 30 6 6 6 2034
006 101 41 6 6 1365
006 111 99 6 6 1758
006 111 92 6 6 1878
006 111 100 7 7 2604
006 30 16 7 7 1634
006 101 52 7 7 1621
006 30 26 7 7 1790
006 111 71 7 7 2063
007 1 1 6 6 4261
007 1 1 7 7 2713
007 1 1 7 7 3080
007 30 36 6 6 4165
007 111 95 7 7 2375
007 111 76 7 6 4166
007 30 2 6 6 2801
007 111 83 7 7 3076
007 30 35 6 6 3610
007 30 29 6 6 2270
007 111 84 7 7 2517
007 101 47 6 6 3309
007 111 75 6 6 2433
007 101 44 6 6 2506
007 111 90 7 7 1945
007 101 46 6 6 2162
007 30 23 7 7 3071
007 30 24 7 7 3843
007 111 99 6 6 2508
007 30 13 7 7 2226
007 30 33 6 6 1987
007 30 26 7 7 2319
007 111 62 6 6 2166
007 101 59 7 7 1867
007 30 8 6 6 2578
007 101 50 7 7 2616
007 30 1 6 6 2706
007 111 104 6 6 2760
007 30 4 6 6 3397
007 101 52 7 7 2758
007 30 11 7 7 3929
007 111 106 7 7 4748
007 101 48 6 6 1706
007 101 57 7 7 2122
007 111 87 6 6 1907
007 111 91 6 6 2122
007 101 49 7 7 3605
007 30 20 7 6 2453
007 111 79 6 6 2166
007 111 97 6 7 2559
007 30 19 7 7 2126
007 111 81 6 6 2263
007 30 34 6 6 4340
007 30 3 6 6 3149
007 111 93 6 6 2140
007 30 9 6 6 3277
007 111 66 7 7 2821
007 111 77 7 7 2585
007 30 10 7 7 2507
007 111 88 7 7 2634
007 111 78 7 7 2207
007 30 30 6 6 2450
007 30 14 7 7 3207
007 101 54 7 7 2176
007 30 7 6 6 1907
007 111 107 7 7 2219
007 111 94 7 7 2324
007 111 85 6 6 1711
007 30 6 6 6 2452
007 30 32 6 7 5018
007 30 25 7 7 3263
007 111 82 7 7 1935
007 101 58 7 7 2014
007 30 18 7 7 1737
007 111 92 6 6 2434
007 101 37 6 6 1988
007 111 98 6 6 2020
007 101 45 6 6 1991
007 30 15 7 7 1999
007 101 60 7 6 2102
007 101 53 7 7 2244
007 101 39 6 6 1534
007 101 40 6 6 1453
007 30 5 6 6 3821
007 111 69 6 6 1825
007 111 89 7 7 1946
007 111 73 6 6 3146
007 111 70 7 7 1605
007 111 86 6 6 1945
007 111 63 6 6 1707
007 111 67 6 6 2857
007 101 55 7 7 1821
007 101 38 6 7 2432
007 30 27 7 7 3033
007 111 102 7 7 1515
007 111 68 6 6 2512
007 30 21 7 7 2885
007 111 65 7 6 5929
007 111 96 7 7 2135
007 101 42 6 6 1576
007 111 105 6 6 4371
007 111 100 7 6 3131
007 111 103 6 6 2241
007 111 80 6 6 3198
007 30 12 7 6 3077
007 111 64 7 7 1791
007 30 22 7 7 2255
007 111 108 7 7 1859
007 111 72 7 7 2921
007 101 43 6 6 2786
007 101 41 6 6 2180
007 30 17 7 7 2377
007 111 61 6 6 1677
007 111 101 7 7 2103
007 101 51 7 7 2392
007 30 16 7 7 1844
007 30 28 6 6 1671
007 30 31 6 6 3187
007 111 71 7 7 2201
007 111 74 6 6 2602
007 101 56 7 7 1867
008 1 1 6 6 1910
008 1 1 7 6 2500
008 1 1 7 7 4720
008 111 96 7 6 2547
008 30 4 6 6 3955
008 101 51 7 7 3750
008 111 101 7 7 2262
008 101 48 6 6 1780
008 111 66 7 6 3671
008 111 88 7 7 3197
008 30 7 6 6 4768
008 30 2 6 6 1691
008 111 73 6 7 3523
008 30 30 6 6 2751
008 30 12 7 6 2912
008 111 106 7 6 3874
008 101 42 6 6 3319
008 30 5 6 6 3756
008 30 34 6 7 8947
008 30 1 6 6 3287
008 111 64 7 6 1802
008 30 32 6 6 6057
008 101 59 7 7 5363
008 30 11 7 7 4646
008 30 20 7 7 6120
008 111 61 6 6 1869
008 111 63 6 6 3212
008 30 24 7 7 4586
008 111 81 6 6 2691
008 101 55 7 7 2229
008 111 107 7 7 2245
008 111 74 6 6 4563
008 30 31 6 6 3596
008 111 79 6 6 2485
008 30 28 6 6 3117
008 111 90 7 7 2939
008 111 87 6 6 2877
008 101 53 7 6 2894
008 30 36 6 6 2956
008 111 69 6 6 2071
008 111 68 6 6 2245
008 111 65 7 7 8335
008 111 70 7 7 2497
008 111 62 6 6 1911
008 30 10 7 7 4221
008 30 15 7 7 4692
008 30 35 6 6 2282
008 111 98 6 6 2884
008 111 71 7 6 3676
008 30 23 7 7 3686
008 30 18 7 7 2509
008 30 25 7 7 4154
008 111 72 7 7 1611
008 111 84 7 7 3350
008 111 103 6 6 2316
008 101 43 6 7 2981
008 30 19 7 6 4293
008 30 3 6 6 3342
008 111 92 6 6 2609
008 30 22 7 7 4929
008 101 50 7 6 4536
008 30 8 6 6 3308
008 30 17 7 7 3368
008 101 44 6 7 3793
008 101 52 7 7 3084
008 111 85 6 6 2606
008 111 89 7 7 3287
008 101 46 6 7 4762
008 101 58 7 7 2077
008 101 41 6 7 2936
008 30 21 7 7 4385
008 111 94 7 7 3552
008 111 97 6 7 3891
008 30 16 7 7 2297
008 111 102 7 6 4726
008 101 38 6 6 2208
008 111 100 7 7 2508
008 111 99 6 6 3808
008 111 82 7 7 2276
008 30 26 7 7 2143
008 30 33 6 6 2252
008 111 91 6 6 2602
008 101 37 6 6 1978
008 101 49 7 7 4393
008 111 83 7 7 3279
008 101 40 6 6 1755
008 111 76 7 6 3507
008 111 93 6 6 2849
008 101 60 7 7 3539
008 111 86 6 6 3603
008 101 57 7 7 2031
008 101 47 6 6 3190
008 30 14 7 7 3520
008 30 27 7 7 3924
008 111 95 7 7 3580
008 101 54 7 6 2401
008 111 105 6 7 4038
008 111 67 6 6 7300
008 30 13 7 7 2718
008 111 108 7 7 2529
008 111 104 6 6 4082
008 30 6 6 6 2732
008 101 45 6 6 1889
008 101 39 6 6 2288
008 111 77 7 6 4258
008 111 78 7 7 3439
008 111 80 6 6 6511
008 111 75 6 6 3305
008 30 29 6 6 2079
008 101 56 7 7 4346
008 30 9 6 6 4576
009 1 1 6 6 4817
009 1 1 7 7 2596
009 1 1 7 7 5716
009 101 55 7 7 4800
009 101 39 6 6 4632
009 111 89 7 7 5406
009 30 14 7 7 6763
009 30 32 6 6 4908
009 30 20 7 6 6150
009 111 106 7 7 3375
009 30 25 7 7 8875
009 101 53 7 6 4472
009 101 45 6 6 1903
009 30 6 6 6 4136
009 30 22 7 7 3896
009 101 40 6 7 4979
009 30 9 6 6 5143
009 111 102 7 7 3904
009 30 29 6 6 2564
009 101 57 7 7 2008
009 30 7 6 6 5755
009 30 24 7 7 4792
009 101 47 6 6 8940
009 30 30 6 6 3236
009 101 51 7 7 7759
009 101 38 6 7 4353
009 101 43 6 6 3389
009 30 3 6 6 4993
009 111 96 7 6 7597
009 111 94 7 7 6082
009 30 36 6 6 4358
009 30 34 6 6 4505
009 30 33 6 6 6435
009 111 66 7 7 2884
009 111 61 6 6 2752
009 111 100 7 7 5644
009 111 65 7 7 7989
009 111 69 6 6 2855
009 111 95 7 7 3358
009 111 83 7 7 5458
009 111 73 6 7 3195
009 30 8 6 6 5480
009 101 44 6 6 3332
009 101 48 6 6 2064
009 30 13 7 6 2718
009 111 70 7 7 2195
009 111 75 6 6 2166
009 111 88 7 7 3746
009 111 76 7 6 6859
009 111 99 6 6 8074
009 30 1 6 6 4647
009 111 97 6 7 3138
009 111 92 6 6 5492
009 111 63 6 6 5447
009 111 87 6 6 2341
009 111 72 7 7 2972
009 111 79 6 6 2675
009 30 19 7 7 2292
009 111 108 7 7 1688
009 111 101 7 7 2992
009 30 16 7 7 2820
009 111 81 6 6 2050
009 30 21 7 7 3363
009 111 103 6 6 5890
009 101 50 7 7 2973
009 30 12 7 6 2751
009 111 105 6 6 9957
009 101 60 7 7 3073
009 111 91 6 6 3694
009 30 18 7 7 2241
009 111 71 7 7 5459
009 101 54 7 7 3253
009 101 46 6 6 3510
009 30 15 7 7 3149
009 111 85 6 6 2771
009 30 2 6 6 3496
009 111 77 7 7 1895
009 111 68 6 6 2696
009 30 23 7 7 3973
009 30 10 7 7 2667
009 111 98 6 6 2483
009 101 59 7 7 3283
009 30 5 6 6 2894
009 30 4 6 6 4436
009 111 64 7 7 1744
009 30 26 7 7 4066
009 101 56 7 7 2819
009 101 49 7 7 6079
009 111 93 6 6 2197
009 111 104 6 6 2741
009 111 74 6 6 3272
009 30 31 6 6 7623
009 101 37 6 6 5401
009 101 52 7 7 4089
009 30 28 6 6 3018
009 101 41 6 6 4480
009 111 86 6 6 3488
009 111 80 6 6 3932
009 111 62 6 6 3021
009 111 84 7 7 2641
009 111 82 7 7 2112
009 111 90 7 7 2186
009 30 35 6 6 2788
009 111 67 6 6 3645
009 101 58 7 7 2949
009 101 42 6 6 2737
009 111 78 7 7 2475
009 30 11 7 7 5920
009 30 17 7 7 2794
009 111 107 7 7 2467
009 30 27 7 7 3243
010 1 1 6 6 4158
010 1 1 7 7 1904
010 1 1 7 7 2643
010 101 37 6 6 2697
010 30 36 6 6 3224
010 30 31 6 6 3047
010 101 46 6 6 5723
010 101 56 7 6 6835
010 101 57 7 7 3805
010 101 52 7 7 2561
010 101 51 7 6 3115
010 111 84 7 7 2563
010 101 43 6 6 2668
010 30 11 7 7 4293
010 30 32 6 6 7891
010 111 93 6 6 2114
010 101 49 7 7 3875
010 111 76 7 6 2596
010 30 35 6 6 5267
010 111 79 6 6 3035
010 30 28 6 7 2859
010 30 24 7 7 4698
010 111 106 7 7 2264
010 30 13 7 7 4279
010 30 19 7 7 1955
010 30 29 6 6 2808
010 111 104 6 6 1758
010 101 58 7 7 2123
010 111 100 7 7 2418
010 111 85 6 6 2231
010 101 45 6 6 2125
010 111 91 6 6 4645
010 101 40 6 6 1532
010 111 70 7 7 1909
010 111 69 6 6 3297
010 101 60 7 6 1850
010 30 20 7 6 5501
010 111 90 7 7 3551
010 111 83 7 7 2247
010 111 80 6 6 1936
010 30 12 7 6 5761
010 111 65 7 7 21585
010 111 95 7 7 2418
010 30 27 7 7 4876
010 111 86 6 6 2597
010 111 105 6 6 2244
010 30 15 7 7 2192
010 111 67 6 6 3485
010 101 44 6 7 7337
010 111 68 6 6 3053
010 111 71 7 6 3043
010 111 97 6 7 2782
010 111 61 6 6 2643
010 30 5 6 6 2795
010 101 41 6 6 1793
010 30 17 7 7 2327
010 30 6 6 6 2388
010 111 62 6 6 1552
010 30 14 7 7 2365
010 101 38 6 7 3178
010 101 50 7 7 4297
010 111 87 6 6 1596
010 101 59 7 7 3152
010 111 66 7 7 2060
010 30 26 7 7 3025
010 111 103 6 6 2392
010 101 47 6 6 3856
010 30 23 7 7 4395
010 30 33 6 6 2418
010 111 88 7 7 3337
010 30 22 7 7 9795
010 111 82 7 6 4724
010 30 30 6 6 2914
010 30 8 6 6 4182
010 101 55 7 7 3346
010 30 21 7 7 3233
010 111 75 6 6 2035
010 111 96 7 7 2629
010 111 108 7 7 2116
010 111 64 7 7 1846
010 111 63 6 6 4396
010 30 4 6 6 2914
010 101 42 6 6 2341
010 111 102 7 7 3676
010 30 18 7 7 3067
010 30 1 6 6 3825
010 30 2 6 6 2672
010 111 72 7 7 3511
010 111 73 6 7 4427
010 111 107 7 7 2177
010 111 98 6 6 2286
010 111 92 6 6 1893
010 101 48 6 6 1857
010 30 3 6 6 2109
010 30 34 6 6 2885
010 101 39 6 6 1777
010 111 74 6 6 7258
010 111 101 7 7 2147
010 111 78 7 7 4866
010 111 77 7 7 1818
010 30 9 6 6 6428
010 101 54 7 7 4927
010 30 16 7 6 5440
010 101 53 7 6 3851
010 111 81 6 6 2901
010 30 25 7 7 5498
010 111 89 7 7 1635
010 111 99 6 6 1904
010 30 10 7 7 2064
010 30 7 6 6 3949
010 111 94 7 7 2425
011 1 1 6 6 3476
011 1 1 7 7 3591
011 1 1 7 7 4878
011 101 54 7 7 5784
011 111 100 7 7 4144
011 111 87 6 6 2240
011 101 60 7 7 3360
011 111 78 7 7 2813
011 30 28 6 7 6886
011 111 94 7 7 9904
011 101 43 6 6 4427
011 101 48 6 6 3528
011 101 58 7 7 3888
011 101 47 6 6 5186
011 101 50 7 7 5752
011 30 7 6 6 6769
011 30 6 6 6 3003
011 111 95 7 7 2428
011 30 2 6 6 2225
011 30 1 6 6 5149
011 101 38 6 7 3073
011 101 44 6 6 3987
011 30 5 6 6 2918
011 30 35 6 6 3879
011 30 22 7 7 3884
011 111 105 6 6 3759
011 30 12 7 6 3340
011 30 36 6 6 4448
011 111 104 6 6 3509
011 30 19 7 7 2853
011 111 67 6 6 5388
011 111 101 7 7 2581
011 30 26 7 7 2617
011 30 20 7 7 5266
011 30 21 7 7 5597
011 111 81 6 6 2385
011 111 72 7 7 3095
011 111 88 7 7 3232
011 111 85 6 6 3949
011 30 25 7 7 3697
011 30 15 7 7 2723
011 111 90 7 7 2969
011 101 46 6 6 9109
011 30 17 7 7 2829
011 111 74 6 6 2853
011 111 84 7 7 3494
011 111 69 6 6 2625
011 111 103 6 6 3323
011 101 39 6 6 2434
011 30 23 7 7 4101
011 101 59 7 7 1921
011 111 65 7 7 9005
011 30 8 6 6 3347
011 101 40 6 6 1714
011 111 73 6 7 4649
011 30 31 6 6 4252
011 101 37 6 6 1729
011 101 56 7 7 2888
011 111 70 7 7 2380
011 30 18 7 7 2275
011 101 42 6 6 2445
011 30 9 6 7 5122
011 101 45 6 6 2177
011 111 82 7 7 2994
011 111 97 6 7 3496
011 111 92 6 6 2697
011 111 98 6 6 3182
011 101 57 7 7 3104
011 111 89 7 7 1815
011 30 29 6 6 3033
011 111 64 7 7 1896
011 111 107 7 7 2526
011 30 33 6 6 2493
011 111 93 6 6 2831
011 30 14 7 7 3778
011 111 106 7 7 1626
011 111 75 6 6 2419
011 30 10 7 7 2250
011 30 34 6 6 2326
011 111 77 7 7 2572
011 111 68 6 6 2348
011 111 99 6 6 2133
011 111 83 7 6 2720
011 111 62 6 6 2678
011 30 13 7 7 2233
011 30 16 7 7 4780
011 30 30 6 6 4533
011 101 52 7 6 2579
011 111 96 7 6 7402
011 101 53 7 7 3460
011 101 51 7 7 2710
011 111 79 6 6 2430
011 101 49 7 7 4346
011 111 91 6 7 4067
011 30 11 7 6 4866
011 30 24 7 7 5597
011 111 66 7 7 4790
011 111 108 7 7 2358
011 101 55 7 7 3759
011 111 71 7 7 5465
011 111 76 7 6 4759
011 111 86 6 6 2598
011 111 63 6 7 4359
011 111 102 7 7 2135
011 30 4 6 6 3044
011 30 27 7 7 4963
011 30 32 6 6 4337
011 111 61 6 6 2038
011 111 80 6 6 2650
011 30 3 6 6 3206
011 101 41 6 6 3636
012 1 1 6 6 14431
012 1 1 7 6 4574
012 101 53 7 7 7725
012 101 51 7 6 4171
012 30 11 7 7 2564
012 30 32 6 6 4322
012 30 13 7 7 2208
012 111 74 6 6 4276
012 111 87 6 6 2036
012 111 75 6 6 1791
012 111 67 6 6 2854
012 111 70 7 7 1848
012 101 59 7 7 2084
012 30 15 7 7 2469
012 111 99 6 7 1835
012 111 88 7 7 2248
012 111 63 6 6 2019
012 111 98 6 6 2591
012 111 78 7 7 4112
012 30 4 6 7 5440
012 101 54 7 7 3568
012 111 76 7 7 2112
012 30 22 7 6 6551
012 111 66 7 7 2675
012 30 33 6 6 3079
012 30 6 6 6 3297
012 111 104 6 6 2828
012 111 108 7 7 1980
012 101 44 6 6 2704
012 30 23 7 7 2743
012 111 107 7 7 1796
012 30 8 6 6 2838
012 111 69 6 6 1645
012 30 10 7 7 2751
012 101 58 7 7 2362
012 101 40 6 6 2113
012 111 95 7 7 1515
012 30 14 7 7 2757
012 30 20 7 6 4475
012 101 41 6 6 5175
012 111 93 6 6 2077
012 111 62 6 6 2011
012 111 106 7 7 1916
012 101 48 6 7 5451
012 101 38 6 7 2564
012 30 1 6 6 3296
012 30 9 6 6 4330
012 30 31 6 6 2963
012 111 105 6 6 4454
012 101 37 6 6 1652
012 101 52 7 7 1980
012 111 100 7 7 3245
012 30 17 7 7 5543
012 111 86 6 6 1896
012 111 64 7 7 1588
012 30 5 6 6 2479
012 30 26 7 7 3282
012 111 84 7 7 1901
012 111 65 7 7 22196
012 30 28 6 6 4037
012 30 16 7 7 2151
012 30 34 6 6 2971
012 30 2 6 6 4785
012 111 61 6 6 1884
012 111 101 7 7 2181
012 111 91 6 6 2324
012 111 102 7 7 3160
012 30 36 6 6 3010
012 30 24 7 7 3217
012 111 92 6 6 2721
012 30 7 6 6 3605
012 111 85 6 6 1337
012 111 96 7 7 4115
012 30 35 6 6 2194
012 111 79 6 6 1723
012 30 18 7 6 2158
012 101 60 7 6 1785
012 30 25 7 7 5168
012 101 39 6 6 1428
012 101 43 6 6 2134
012 101 46 6 6 1770
012 101 55 7 7 1862
012 111 77 7 7 2598
012 111 81 6 6 2918
012 30 19 7 7 1987
012 101 50 7 7 4927
012 30 12 7 6 4417
012 111 97 6 7 1757
012 111 68 6 6 1610
012 111 72 7 7 1708
012 30 29 6 6 1583
012 30 27 7 7 3154
012 111 94 7 7 3903
012 111 83 7 6 3530
012 30 3 6 6 5907
012 111 90 7 7 1578
012 111 103 6 6 2523
012 111 80 6 6 3564
012 111 89 7 7 1951
012 111 73 6 6 2765
012 101 49 7 7 1997
012 101 56 7 7 2318
012 111 82 7 7 5170
012 101 45 6 6 2285
012 30 21 7 6 6089
012 101 42 6 6 2096
012 101 47 6 6 2708
012 30 30 6 6 2474
012 101 57 7 7 1854
012 111 71 7 7 2232
013 1 1 6 6 2688
013 1 1 7 7 3116
013 1 1 7 7 5210
013 111 66 7 6 2927
013 111 92 6 6 6814
013 111 79 6 6 5366
013 111 71 7 7 3459
013 111 63 6 6 4536
013 101 37 6 6 2610
013 111 86 6 6 5500
013 101 58 7 7 4089
013 111 75 6 6 6823
013 111 74 6 6 2478
013 30 15 7 7 3100
013 111 99 6 6 2138
013 111 76 7 7 4757
013 111 95 7 7 4736
013 30 21 7 6 9050
013 30 29 6 6 3753
013 111 77 7 7 8594
013 111 82 7 7 2295
013 30 17 7 7 4473
013 111 70 7 7 8672
013 111 61 6 6 5224
013 101 55 7 7 3795
013 111 85 6 6 1851
013 30 1 6 6 5888
013 101 60 7 7 2811
013 30 13 7 7 3282
013 111 73 6 6 6804
013 30 19 7 7 4374
013 111 62 6 6 2699
013 30 28 6 7 5814
013 111 98 6 6 2223
013 101 54 7 7 3999
013 111 104 6 6 4550
013 30 20 7 7 4376
013 30 22 7 7 3819
013 30 16 7 7 2253
013 111 88 7 7 3313
013 30 11 7 7 4636
013 30 18 7 7 2126
013 101 43 6 6 2406
013 30 4 6 6 3148
013 101 47 6 6 3681
013 111 97 6 7 2773
013 111 103 6 6 2581
013 30 7 6 6 4336
013 101 53 7 7 3077
013 111 96 7 7 3614
013 30 25 7 7 5315
013 30 9 6 6 4543
013 30 5 6 6 3955
013 111 69 6 6 1969
013 30 31 6 6 4876
013 30 36 6 6 2678
013 111 87 6 6 2181
013 30 14 7 7 2739
013 111 72 7 7 1803
013 30 3 6 6 4846
013 111 91 6 6 2537
013 30 34 6 6 2968
013 101 41 6 6 1652
013 111 64 7 7 1824
013 30 8 6 6 2159
013 101 50 7 7 2481
013 111 81 6 6 2144
013 101 39 6 6 1607
013 111 105 6 6 5454
013 101 49 7 7 3005
013 30 32 6 6 2628
013 101 42 6 6 1670
013 101 57 7 7 2657
013 30 23 7 7 3134
013 30 30 6 7 3216
013 111 65 7 7 2963
013 111 89 7 7 2286
013 111 93 6 6 2199
013 111 102 7 7 3145
013 30 12 7 6 4257
013 111 107 7 7 1832
013 111 84 7 7 1847
013 101 38 6 7 5604
013 30 24 7 7 3237
013 111 94 7 7 5810
013 111 106 7 7 2288
013 101 51 7 7 2261
013 111 100 7 7 2085
013 111 83 7 7 3152
013 111 108 7 7 1894
013 101 46 6 7 3508
013 101 48 6 6 1554
013 101 44 6 6 1930
013 30 26 7 7 2583
013 111 90 7 7 2070
013 30 27 7 7 3317
013 101 40 6 6 1490
013 111 67 6 6 4060
013 111 101 7 7 2974
013 111 80 6 6 2852
013 30 35 6 6 5705
013 111 68 6 7 9509
013 101 59 7 7 1610
013 111 78 7 7 3247
013 101 52 7 7 1916
013 30 2 6 6 2340
013 30 6 6 6 2172
013 101 45 6 6 1672
013 30 10 7 7 1873
013 101 56 7 7 1774
013 30 33 6 6 3015
014 1 1 6 7 2142
014 1 1 7 6 1399
014 1 1 7 6 1178
014 30 1 6 6 2181
014 30 2 6 6 1131
014 30 3 6 6 1036
014 30 4 6 7 2022
014 30 5 6 6 1192
014 30 6 6 6 871
014 30 7 6 6 1023
014 30 8 6 6 1106
014 30 9 6 6 1081
014 30 10 7 7 1938
014 30 11 7 6 1090
014 30 12 7 6 2028
014 30 13 7 7 2135
014 30 14 7 7 1797
014 30 15 7 7 1581
014 30 16 7 6 1184
014 30 17 7 6 1200
014 30 18 7 6 1352
014 30 19 7 7 1484
014 30 20 7 6 1069
014 30 21 7 6 947
014 30 22 7 7 1736
014 30 23 7 7 1277
014 30 24 7 6 1371
014 30 25 7 6 900
014 30 26 7 6 1008
014 30 27 7 7 773
014 30 28 6 6 1367
014 30 29 6 6 1372
014 30 30 6 7 1564
014 30 31 6 6 685
014 30 32 6 6 1434
014 30 33 6 6 1106
014 30 34 6 6 839
014 30 35 6 6 700
014 30 36 6 6 836
014 101 37 6 6 1038
014 101 38 6 7 2248
014 101 39 6 6 1719
014 101 40 6 6 900
014 101 41 6 6 1349
014 101 42 6 6 1482
014 101 43 6 6 815
014 101 44 6 6 977
014 101 45 6 6 767
014 101 46 6 7 1716
014 101 47 6 6 1381
014 101 48 6 7 2680
014 101 49 7 6 1209
014 101 50 7 6 983
014 101 51 7 7 1109
014 101 52 7 6 1514
014 101 53 7 7 1597
014 101 54 7 7 1524
014 101 55 7 6 1167
014 101 56 7 6 1109
014 101 57 7 7 1270
014 101 58 7 6 1015
014 101 59 7 6 1264
014 101 60 7 6 1152
014 111 61 6 6 767
014 111 62 6 7 1067
014 111 63 6 7 1310
014 111 64 7 6 1143
014 111 65 7 7 965
014 111 66 7 6 1083
014 111 67 6 6 1319
014 111 68 6 7 1097
014 111 69 6 7 1208
014 111 70 7 6 799
014 111 71 7 6 1113
014 111 72 7 6 952
014 111 73 6 6 1217
014 111 74 6 6 740
014 111 75 6 6 1029
014 111 76 7 6 1168
014 111 77 7 7 1052
014 111 78 7 6 1157
014 111 79 6 6 944
014 111 80 6 6 768
014 111 81 6 6 989
014 111 82 7 6 811
014 111 83 7 6 855
014 111 84 7 6 1022
014 111 85 6 6 786
014 111 86 6 6 904
014 111 87 6 6 1050
014 111 88 7 7 1636
014 111 89 7 6 845
014 111 90 7 7 1264
014 111 91 6 6 1188
014 111 92 6 7 1467
014 111 93 6 7 1304
014 111 94 7 6 907
014 111 95 7 7 998
014 111 96 7 7 847
014 111 97 6 7 1011
014 111 98 6 7 925
014 111 99 6 6 1353
014 111 100 7 6 1013
014 111 101 7 6 1080
014 111 102 7 6 975
014 111 103 6 6 887
014 111 104 6 7 1885
014 111 105 6 6 994
014 111 106 7 6 820
014 111 107 7 7 1060
014 111 108 7 6 897
015 1 1 6 6 4054
015 1 1 7 7 2998
015 1 1 7 7 3304
015 101 45 6 6 3066
015 101 49 7 7 5689
015 30 25 7 7 3576
015 111 75 6 6 2557
015 111 102 7 7 3496
015 101 48 6 6 2503
015 101 42 6 6 1849
015 111 68 6 7 5085
015 101 57 7 7 1971
015 101 46 6 6 3182
015 111 100 7 7 2711
015 101 50 7 7 2483
015 111 80 6 6 2681
015 30 12 7 6 4362
015 111 73 6 6 2779
015 111 106 7 7 3438
015 30 28 6 6 5697
015 111 62 6 6 3420
015 30 17 7 7 5355
015 111 81 6 6 2224
015 30 32 6 6 4884
015 30 30 6 6 2249
015 30 33 6 6 4699
015 30 18 7 7 2711
015 30 15 7 7 7639
015 30 35 6 6 2987
015 111 67 6 6 5261
015 111 93 6 6 2557
015 111 91 6 6 3116
015 30 4 6 6 2738
015 101 39 6 6 1946
015 111 84 7 7 3015
015 30 34 6 6 3609
015 111 64 7 7 2340
015 111 98 6 6 2521
015 101 58 7 7 2100
015 101 51 7 7 1879
015 30 3 6 6 3255
015 101 38 6 7 2378
015 111 103 6 6 1635
015 111 78 7 7 2210
015 111 76 7 7 3572
015 111 85 6 6 2928
015 30 21 7 7 3569
015 101 41 6 6 5079
015 30 14 7 7 2455
015 30 23 7 7 2469
015 30 31 6 6 3957
015 101 53 7 7 4323
015 30 22 7 7 2962
015 111 105 6 6 8992
015 30 7 6 6 4069
015 30 20 7 6 13164
015 101 37 6 6 2024
015 30 11 7 7 4652
015 111 82 7 7 2202
015 111 69 6 6 2021
015 30 13 7 7 1996
015 101 43 6 6 4044
015 101 59 7 7 2033
015 111 65 7 7 3858
015 111 101 7 7 2471
015 111 77 7 7 2137
015 111 71 7 6 6501
015 30 2 6 6 2237
015 30 5 6 6 2653
015 30 9 6 6 5717
015 101 55 7 7 1807
015 30 10 7 6 5069
015 111 87 6 6 1717
015 111 97 6 7 3125
015 111 95 7 7 2370
015 111 108 7 7 1730
015 30 26 7 7 2990
015 111 86 6 6 2257
015 111 99 6 6 2870
015 111 90 7 7 1685
015 101 54 7 7 2414
015 30 19 7 7 3269
015 101 40 6 6 1607
015 111 61 6 6 2321
015 111 89 7 7 2292
015 111 92 6 6 2271
015 30 6 6 6 2280
015 101 52 7 7 1962
015 30 29 6 6 2266
015 111 94 7 7 6817
015 111 107 7 7 2306
015 101 44 6 6 2807
015 111 96 7 6 4023
015 30 16 7 7 2375
015 111 104 6 6 1886
015 30 8 6 6 2321
015 30 36 6 6 4037
015 30 24 7 7 3518
015 111 79 6 6 2272
015 101 60 7 6 1912
015 30 27 7 7 3338
015 111 88 7 7 4256
015 111 74 6 6 4149
015 111 72 7 7 3545
015 111 83 7 7 1955
015 111 63 6 6 2206
015 101 47 6 6 3230
015 111 66 7 7 3557
015 30 1 6 6 2794
015 101 56 7 7 2120
015 111 70 7 7 1933
016 1 1 6 7 3267
016 1 1 7 7 1876
016 1 1 7 7 2415
016 111 73 6 7 4228
016 101 37 6 7 4242
016 101 59 7 7 1680
016 30 9 6 6 7490
016 111 108 7 7 1990
016 30 26 7 7 2807
016 30 5 6 6 7839
016 111 106 7 7 1812
016 101 54 7 7 8304
016 111 88 7 7 3749
016 111 68 6 6 2374
016 111 101 7 7 1795
016 111 91 6 6 2196
016 101 52 7 6 7999
016 111 99 6 6 3979
016 30 16 7 7 5156
016 101 43 6 6 7484
016 111 65 7 7 6251
016 101 38 6 7 3789
016 111 86 6 6 1939
016 101 44 6 6 3536
016 101 53 7 6 3670
016 101 51 7 6 5556
016 111 85 6 6 1698
016 111 70 7 7 6970
016 30 1 6 6 4351
016 30 12 7 6 2095
016 101 55 7 7 4826
016 30 10 7 7 3290
016 111 95 7 7 2075
016 111 62 6 6 1720
016 30 18 7 7 1929
016 111 79 6 6 1802
016 30 22 7 7 2402
016 30 19 7 7 1860
016 30 8 6 6 2487
016 30 6 6 6 2226
016 30 2 6 6 1609
016 111 69 6 6 2177
016 30 15 7 6 8693
016 101 41 6 6 1662
016 30 34 6 6 4242
016 111 81 6 6 2525
016 30 23 7 7 2034
016 111 104 6 6 1621
016 101 46 6 7 9329
016 30 7 6 6 2136
016 111 80 6 6 3573
016 30 32 6 6 2034
016 111 98 6 6 5215
016 111 97 6 7 4237
016 111 89 7 7 1605
016 101 39 6 6 2002
016 111 84 7 7 1831
016 30 33 6 6 4056
016 101 56 7 7 4711
016 111 63 6 6 3293
016 111 74 6 6 1797
016 111 77 7 7 1957
016 30 29 6 6 1664
016 30 11 7 6 5572
016 101 40 6 6 3544
016 111 75 6 6 3112
016 111 72 7 7 4445
016 30 36 6 6 2099
016 111 67 6 6 4007
016 30 30 6 6 1983
016 30 14 7 7 4255
016 101 45 6 6 3340
016 111 87 6 6 1561
016 111 100 7 7 4055
016 30 20 7 7 5354
016 111 103 6 6 2971
016 101 60 7 7 3111
016 101 49 7 7 6094
016 101 50 7 7 7526
016 111 90 7 7 2622
016 101 47 6 6 7549
016 111 64 7 7 1623
016 101 57 7 7 1320
016 111 96 7 7 5297
016 111 61 6 6 2119
016 101 58 7 7 4135
016 111 92 6 6 5498
016 111 66 7 7 1597
016 111 83 7 7 3487
016 101 42 6 6 1786
016 30 31 6 6 5921
016 30 21 7 7 1463
016 30 17 7 7 1767
016 30 35 6 6 1503
016 111 107 7 7 2143
016 30 25 7 7 4039
016 111 82 7 7 4770
016 111 94 7 7 10385
016 111 76 7 7 4095
016 30 3 6 6 2886
016 30 24 7 7 1924
016 111 93 6 6 1605
016 30 13 7 7 6316
016 111 102 7 7 1438
016 101 48 6 6 2604
016 111 78 7 7 1856
016 30 27 7 7 2030
016 30 4 6 6 3708
016 111 105 6 6 6692
016 111 71 7 7 4319
016 30 28 6 7 5250
017 1 1 6 7 3872
017 1 1 7 7 2736
017 1 1 7 7 8809
017 111 68 6 6 3679
017 111 99 6 6 6250
017 111 61 6 6 7254
017 101 50 7 6 12995
017 30 5 6 6 4252
017 30 30 6 7 6881
017 111 72 7 7 3244
017 30 10 7 7 4344
017 111 79 6 6 4111
017 30 29 6 6 3051
017 30 16 7 7 7699
017 111 85 6 6 2991
017 111 105 6 6 5959
017 101 51 7 6 4123
017 111 88 7 7 7838
017 111 101 7 7 4076
017 111 94 7 7 9018
017 101 60 7 7 6009
017 111 106 7 7 3157
017 30 20 7 7 4294
017 111 107 7 7 2904
017 30 24 7 7 4915
017 111 76 7 6 3808
017 30 26 7 7 5405
017 101 54 7 7 5839
017 101 43 6 6 4689
017 101 40 6 6 2881
017 101 56 7 7 9851
017 111 73 6 7 5885
017 111 66 7 7 6109
017 30 21 7 7 4494
017 111 71 7 7 5084
017 30 25 7 7 8981
017 111 81 6 6 2836
017 101 39 6 6 2462
017 30 4 6 7 10473
017 30 13 7 7 3944
017 111 92 6 6 3436
017 101 59 7 7 2549
017 111 96 7 7 9563
017 101 47 6 6 4731
017 101 46 6 6 6988
017 101 44 6 6 3054
017 111 90 7 7 3389
017 30 34 6 6 4055
017 111 100 7 7 6331
017 111 83 7 7 2190
017 101 53 7 7 3861
017 111 75 6 6 3533
017 30 23 7 7 3464
017 111 98 6 6 5044
017 30 27 7 7 4735
017 30 22 7 6 6477
017 101 45 6 6 2670
017 30 2 6 6 2179
017 111 84 7 7 2322
017 101 42 6 6 4718
017 111 82 7 7 6238
017 30 1 6 6 4833
017 101 58 7 7 10857
017 30 7 6 6 4962
017 30 36 6 6 3681
017 111 69 6 6 2202
017 111 62 6 6 2279
017 30 9 6 6 6285
017 111 74 6 6 3773
017 111 65 7 7 7853
017 101 48 6 6 14679
017 101 55 7 7 4189
017 30 14 7 7 5373
017 30 8 6 6 4678
017 30 17 7 7 5998
017 111 63 6 6 3293
017 30 28 6 6 11239
017 111 77 7 7 2345
017 30 15 7 7 4345
017 111 67 6 6 6532
017 101 49 7 7 5370
017 101 38 6 7 3267
017 111 108 7 7 3147
017 30 11 7 7 9628
017 30 18 7 7 2952
017 111 86 6 6 1930
017 111 89 7 7 2905
017 111 87 6 6 2508
017 111 80 6 6 3887
017 30 12 7 6 7592
017 30 6 6 6 2459
017 30 32 6 6 8896
017 101 57 7 7 3440
017 30 31 6 6 11619
017 111 103 6 6 3881
017 111 70 7 7 2088
017 111 97 6 7 5184
017 111 91 6 6 3263
017 111 93 6 6 2858
017 30 35 6 6 2398
017 111 104 6 6 6300
017 101 41 6 6 3790
017 111 95 7 7 3782
017 30 33 6 6 3010
017 30 19 7 7 2675
017 101 52 7 7 4919
017 30 3 6 6 3228
017 111 102 7 7 6570
017 111 64 7 7 3851
017 101 37 6 6 4261
017 111 78 7 7 4815
018 1 1 6 6 1635
018 1 1 7 7 1619
018 1 1 7 7 1839
018 111 79 6 6 1589
018 111 61 6 6 1290
018 111 87 6 6 1178
018 30 2 6 6 1188
018 101 49 7 7 2126
018 30 21 7 7 2597
018 111 76 7 6 1534
018 30 5 6 6 1515
018 111 86 6 6 1210
018 111 97 6 7 1531
018 111 94 7 7 3798
018 30 10 7 7 1716
018 111 83 7 7 1807
018 111 84 7 7 1634
018 111 98 6 6 1543
018 111 95 7 7 1402
018 111 77 7 7 3121
018 101 45 6 6 1377
018 111 72 7 6 1910
018 30 35 6 6 2110
018 101 51 7 6 1947
018 30 33 6 7 1468
018 111 93 6 6 1860
018 30 28 6 6 1516
018 111 102 7 7 5238
018 101 52 7 7 1509
018 30 12 7 6 2063
018 111 70 7 7 1190
018 111 89 7 7 1301
018 30 30 6 6 1682
018 30 29 6 6 1238
018 101 55 7 7 1533
018 111 101 7 7 1544
018 30 15 7 7 1515
018 111 75 6 6 1391
018 101 43 6 6 1584
018 30 26 7 7 2049
018 101 56 7 7 1389
018 111 64 7 7 1356
018 30 7 6 6 1290
018 30 9 6 6 3336
018 30 23 7 7 1786
018 30 18 7 7 1510
018 111 88 7 7 1817
018 101 42 6 6 1505
018 101 60 7 7 1814
018 101 38 6 7 2583
018 111 74 6 6 1487
018 30 32 6 6 1904
018 101 57 7 7 1230
018 111 81 6 6 1473
018 101 41 6 6 1288
018 101 54 7 7 2412
018 111 105 6 6 2199
018 111 107 7 7 1681
018 101 47 6 6 3262
018 111 63 6 6 1315
018 30 31 6 6 2162
018 111 80 6 6 1775
018 101 44 6 6 1342
018 30 11 7 7 1559
018 111 66 7 7 1567
018 30 20 7 6 2825
018 101 59 7 7 1835
018 30 3 6 6 1970
018 30 25 7 7 1904
018 30 19 7 7 1645
018 111 68 6 6 1551
018 101 58 7 7 1423
018 30 34 6 6 2215
018 30 13 7 7 1457
018 111 73 6 6 1814
018 111 85 6 6 1096
018 101 50 7 7 2323
018 101 48 6 6 1117
018 30 4 6 6 1721
018 30 36 6 6 1885
018 111 71 7 6 2207
018 111 108 7 7 1238
018 30 14 7 7 1740
018 111 99 6 6 1276
018 30 8 6 6 1567
018 111 104 6 6 1460
018 111 106 7 7 1335
018 111 78 7 7 2637
018 111 67 6 6 1880
018 111 103 6 6 1217
018 111 90 7 7 1179
018 30 24 7 7 1772
018 30 1 6 6 1889
018 111 65 7 7 3534
018 30 27 7 7 2338
018 101 37 6 6 1251
018 30 17 7 6 1940
018 111 82 7 6 1515
018 111 69 6 7 3215
018 30 22 7 7 1597
018 101 53 7 7 2178
018 111 91 6 6 1687
018 30 6 6 6 1743
018 101 39 6 6 1115
018 101 40 6 6 2082
018 30 16 7 7 1647
018 111 96 7 7 1445
018 101 46 6 6 3563
018 111 100 7 7 2023
018 111 62 6 6 1275
018 111 92 6 6 1511
019 1 1 6 7 5027
019 1 1 7 7 3603
019 1 1 7 7 4110
019 101 58 7 7 4023
019 111 87 6 6 3157
019 111 77 7 6 6468
019 111 75 6 6 2914
019 30 25 7 7 4131
019 111 62 6 6 2025
019 30 29 6 6 2328
019 30 11 7 7 6404
019 30 30 6 6 3317
019 30 36 6 6 3224
019 30 34 6 6 2628
019 111 89 7 7 2980
019 101 43 6 6 5256
019 101 60 7 7 2543
019 111 104 6 6 2993
019 111 92 6 6 1875
019 101 39 6 6 1753
019 111 91 6 6 2444
019 30 9 6 6 4833
019 30 19 7 7 2350
019 30 31 6 6 7540
019 111 102 7 7 3130
019 111 72 7 7 5275
019 101 47 6 6 4281
019 101 44 6 6 2788
019 101 45 6 6 1637
019 30 23 7 7 2800
019 30 26 7 7 2286
019 111 66 7 7 1611
019 30 35 6 7 1767
019 101 54 7 6 1948
019 30 2 6 6 2087
019 111 68 6 7 9456
019 111 63 6 6 1964
019 111 64 7 7 1575
019 101 41 6 6 2910
019 111 101 7 7 2052
019 30 4 6 6 2097
019 111 79 6 6 2949
019 111 98 6 6 3477
019 111 100 7 7 3511
019 111 108 7 7 2500
019 111 103 6 6 2760
019 30 1 6 6 2445
019 30 6 6 6 2447
019 111 86 6 6 2646
019 30 3 6 6 4403
019 111 74 6 6 6007
019 111 88 7 7 2215
019 111 90 7 7 1568
019 111 73 6 6 3452
019 30 15 7 7 2370
019 111 83 7 7 2385
019 111 70 7 7 1599
019 101 56 7 7 3525
019 111 81 6 6 2782
019 101 52 7 7 2004
019 30 7 6 7 4066
019 101 42 6 6 2094
019 30 5 6 6 2506
019 30 33 6 7 1392
019 30 17 7 7 3562
019 111 84 7 7 2226
019 111 85 6 6 2398
019 101 55 7 7 3377
019 30 21 7 7 3958
019 111 105 6 6 3247
019 30 22 7 7 4228
019 101 59 7 7 1731
019 111 78 7 7 2237
019 111 80 6 6 3570
019 101 48 6 6 2490
019 101 46 6 7 2636
019 111 67 6 6 5333
019 111 82 7 7 4387
019 111 107 7 7 2181
019 111 99 6 7 2805
019 30 32 6 6 5633
019 30 14 7 7 2747
019 30 8 6 6 1889
019 30 10 7 7 1636
019 111 94 7 6 4404
019 101 37 6 6 2859
019 30 27 7 7 4717
019 30 18 7 7 1886
019 30 20 7 7 6060
019 111 61 6 6 3454
019 30 28 6 6 2075
019 111 97 6 7 4733
019 101 49 7 7 2606
019 111 93 6 6 2119
019 30 12 7 6 2071
019 101 51 7 6 2487
019 111 76 7 7 2281
019 111 65 7 6 4206
019 101 53 7 7 2004
019 101 40 6 6 1422
019 101 38 6 7 5842
019 111 69 6 6 1983
019 111 96 7 6 5750
019 30 16 7 7 2590
019 30 24 7 7 3384
019 111 95 7 7 2581
019 101 57 7 7 2000
019 111 106 7 7 1860
019 101 50 7 7 2470
019 30 13 7 7 2066
019 111 71 7 7 3680
020 1 1 6 6 4050
020 1 1 7 7 2447
020 1 1 7 7 4305
020 111 79 6 6 3106
020 30 24 7 7 3757
020 30 15 7 7 3978
020 111 65 7 7 8810
020 101 48 6 6 5378
020 101 52 7 7 2228
020 111 103 6 6 3121
020 111 71 7 7 7274
020 111 75 6 6 2444
020 111 74 6 6 9502
020 30 4 6 6 2556
020 111 107 7 7 1911
020 111 68 6 6 2304
020 111 66 7 7 23718
020 111 67 6 6 4174
020 30 3 6 6 4531
020 30 2 6 6 1568
020 101 40 6 6 2692
020 101 59 7 7 1878
020 111 90 7 7 1783
020 111 81 6 6 6086
020 30 10 7 7 2302
020 30 12 7 6 4775
020 30 33 6 7 9535
020 101 56 7 7 2115
020 101 41 6 6 2380
020 111 62 6 6 3331
020 30 18 7 7 3136
020 111 98 6 6 2388
020 111 96 7 7 2445
020 101 55 7 7 1984
020 111 93 6 6 2818
020 30 8 6 6 3497
020 30 35 6 6 2666
020 101 45 6 6 2302
020 30 25 7 7 4667
020 111 85 6 6 1761
020 111 86 6 6 1563
020 111 88 7 7 2541
020 30 19 7 7 6388
020 101 54 7 7 8836
020 101 51 7 6 2083
020 111 70 7 7 1642
020 111 104 6 6 3679
020 101 42 6 6 3486
020 111 83 7 7 1686
020 111 77 7 7 2670
020 111 82 7 7 2554
020 111 69 6 6 2568
020 30 14 7 7 5166
020 30 36 6 6 3475
020 111 61 6 6 2005
020 111 80 6 6 3401
020 101 53 7 7 2916
020 111 91 6 6 3162
020 30 32 6 6 4473
020 111 95 7 7 2460
020 111 84 7 7 2426
020 30 7 6 6 4820
020 30 17 7 7 2720
020 30 30 6 6 3396
020 30 27 7 7 3715
020 30 29 6 6 2078
020 30 13 7 7 4064
020 111 78 7 7 2970
020 111 102 7 7 4406
020 101 37 6 6 2509
020 111 64 7 7 1926
020 111 100 7 7 5545
020 111 99 6 6 2869
020 30 11 7 7 2935
020 30 22 7 7 3844
020 30 23 7 7 2661
020 101 47 6 6 2593
020 30 26 7 7 2559
020 30 16 7 7 2296
020 30 21 7 7 5508
020 30 1 6 6 5418
020 111 87 6 6 2082
020 111 89 7 7 3817
020 30 5 6 6 3914
020 101 44 6 6 3840
020 101 38 6 7 3352
020 101 43 6 6 3571
020 30 6 6 6 3017
020 111 101 7 7 2060
020 111 105 6 6 3124
020 30 34 6 6 3188
020 30 20 7 7 9536
020 111 92 6 6 3130
020 101 50 7 7 2690
020 111 63 6 6 2276
020 101 60 7 7 4154
020 30 9 6 6 4878
020 30 31 6 6 7177
020 101 58 7 7 2739
020 101 46 6 6 6678
020 111 97 6 6 8922
020 101 57 7 7 3454
020 111 76 7 7 2462
020 111 72 7 7 2644
020 111 106 7 7 2765
020 30 28 6 6 5612
020 101 49 7 7 4161
020 111 73 6 6 3291
020 101 39 6 6 1973
020 111 94 7 7 4196
020 111 108 7 7 2473
021 1 1 6 6 2923
021 1 1 7 7 2186
021 1 1 7 7 2664
021 111 81 6 6 3089
021 30 31 6 6 3821
021 101 57 7 7 1848
021 101 54 7 7 5421
021 30 36 6 6 2568
021 111 102 7 7 1858
021 101 44 6 6 2716
021 101 60 7 7 2342
021 111 76 7 7 4438
021 30 24 7 7 4976
021 101 38 6 7 3485
021 111 101 7 7 2067
021 30 17 7 7 2655
021 30 28 6 6 4714
021 111 78 7 7 3540
021 101 43 6 6 2310
021 101 52 7 6 5940
021 111 98 6 6 2622
021 111 67 6 6 2980
021 30 14 7 7 2831
021 30 23 7 7 4061
021 111 105 6 6 5348
021 30 16 7 7 2526
021 101 55 7 7 2689
021 111 70 7 7 1910
021 111 82 7 7 1737
021 30 35 6 6 2274
021 30 9 6 7 4894
021 111 75 6 6 1860
021 30 25 7 7 2811
021 101 47 6 6 2404
021 101 59 7 7 1762
021 111 74 6 6 3770
021 30 8 6 6 2161
021 30 12 7 6 3819
021 30 7 6 6 2689
021 111 89 7 7 1807
021 101 37 6 6 2164
021 30 27 7 7 3137
021 30 19 7 7 2075
021 111 79 6 6 2155
021 111 87 6 6 1547
021 111 95 7 7 1684
021 111 93 6 6 5577
021 111 103 6 7 2037
021 101 42 6 6 2739
021 101 39 6 6 1636
021 111 104 6 7 3572
021 101 41 6 6 3069
021 111 94 7 7 4626
021 30 11 7 7 2724
021 111 62 6 6 2639
021 101 58 7 7 1975
021 111 85 6 6 2217
021 111 72 7 7 2586
021 30 29 6 6 1638
021 111 83 7 7 5637
021 101 50 7 6 3412
021 30 32 6 6 2486
021 30 21 7 7 2663
021 101 51 7 7 2935
021 111 61 6 6 1882
021 111 100 7 7 2700
021 111 108 7 7 1676
021 101 40 6 6 3886
021 111 99 6 6 2840
021 30 5 6 6 2603
021 111 86 6 6 1610
021 111 71 7 7 5750
021 30 33 6 6 4167
021 30 30 6 6 2756
021 30 22 7 7 3719
021 111 80 6 6 2506
021 30 10 7 7 1651
021 30 13 7 7 1652
021 30 6 6 6 4224
021 111 66 7 7 2523
021 111 64 7 7 4120
021 101 48 6 6 1945
021 101 46 6 6 2021
021 101 45 6 6 1731
021 111 91 6 6 2518
021 111 84 7 7 2833
021 30 18 7 7 1591
021 111 107 7 7 1970
021 111 73 6 6 4370
021 111 65 7 7 6660
021 111 97 6 7 2120
021 30 26 7 7 2382
021 30 20 7 7 5343
021 111 68 6 6 1817
021 111 106 7 7 1605
021 30 2 6 6 2183
021 30 4 6 6 2781
021 30 34 6 6 2759
021 111 88 7 7 2615
021 111 96 7 7 3120
021 30 1 6 6 4970
021 111 63 6 6 1690
021 30 3 6 6 4656
021 111 77 7 7 6766
021 111 92 6 6 6452
021 30 15 7 7 1979
021 111 90 7 7 1850
021 101 53 7 7 3237
021 101 56 7 7 2257
021 111 69 6 6 5602
021 101 49 7 7 1854
022 1 1 6 7 2217
022 1 1 7 7 1529
022 1 1 7 7 4254
022 111 82 7 7 3412
022 30 16 7 7 5720
022 30 14 7 7 5285
022 111 77 7 7 3372
022 111 94 7 7 5564
022 101 52 7 6 4681
022 30 4 6 6 3606
022 30 9 6 7 8834
022 111 85 6 6 2005
022 30 1 6 6 5099
022 111 72 7 7 3529
022 111 75 6 6 5514
022 111 102 7 7 3038
022 111 108 7 7 2842
022 101 53 7 6 2842
022 101 41 6 6 5341
022 30 7 6 6 5567
022 101 46 6 6 8400
022 30 15 7 7 2907
022 111 67 6 6 7404
022 111 100 7 7 3017
022 111 81 6 6 2288
022 101 42 6 6 2555
022 111 104 6 6 4121
022 111 79 6 6 2842
022 30 22 7 7 6121
022 101 55 7 7 4108
022 101 50 7 6 3910
022 101 56 7 7 2729
022 30 32 6 7 3857
022 30 21 7 7 3853
022 111 83 7 7 2329
022 101 49 7 7 5939
022 30 34 6 6 4423
022 30 30 6 6 3459
022 111 63 6 6 7192
022 111 62 6 6 2267
022 30 20 7 6 11857
022 30 23 7 7 5091
022 30 5 6 6 3504
022 111 70 7 7 3770
022 111 71 7 7 2994
022 30 26 7 7 3722
022 101 43 6 6 7515
022 101 38 6 7 2929
022 111 86 6 6 1865
022 101 60 7 7 4671
022 111 93 6 6 2362
022 30 36 6 6 3147
022 30 12 7 6 2797
022 30 2 6 6 1832
022 30 33 6 6 3001
022 30 13 7 7 2189
022 111 76 7 7 3482
022 101 54 7 7 5111
022 111 64 7 7 2023
022 111 84 7 7 2764
022 111 80 6 6 2622
022 111 96 7 7 3116
022 111 106 7 7 2405
022 101 45 6 6 2803
022 101 57 7 7 2891
022 111 99 6 7 3899
022 30 28 6 7 2836
022 111 65 7 7 8499
022 111 98 6 6 3212
022 111 101 7 7 3011
022 30 27 7 7 3928
022 111 90 7 7 3061
022 30 25 7 7 7423
022 111 61 6 6 2386
022 111 69 6 6 1882
022 111 91 6 6 3736
022 30 31 6 6 3227
022 111 92 6 6 2536
022 101 48 6 7 5472
022 111 88 7 7 3424
022 30 24 7 6 3818
022 101 37 6 6 2630
022 101 59 7 7 4028
022 30 3 6 6 3620
022 101 47 6 6 3211
022 111 95 7 7 3516
022 101 40 6 6 2297
022 30 11 7 7 5594
022 111 74 6 6 7557
022 111 97 6 6 2948
022 30 17 7 7 2562
022 101 51 7 7 4541
022 101 39 6 6 2327
022 111 105 6 6 3499
022 101 58 7 7 2672
022 30 19 7 7 4035
022 101 44 6 6 7828
022 30 8 6 6 3987
022 30 35 6 6 4741
022 111 103 6 6 2059
022 111 66 7 7 7319
022 30 18 7 7 2257
022 111 107 7 7 2118
022 111 78 7 7 2434
022 111 87 6 6 6342
022 30 29 6 6 2658
022 30 10 7 7 2085
022 30 6 6 6 4545
022 111 68 6 6 2527
022 111 89 7 7 2455
022 111 73 6 7 3172
023 1 1 6 6 1325
023 1 1 7 7 1220
023 1 1 7 7 2042
023 111 90 7 7 1154
023 111 75 6 6 2051
023 30 11 7 7 1448
023 101 49 7 7 1876
023 30 2 6 6 1273
023 30 1 6 6 1916
023 111 107 7 7 1432
023 101 38 6 6 1472
023 111 93 6 6 1624
023 101 40 6 6 1246
023 111 76 7 7 2014
023 111 94 7 7 2253
023 101 47 6 6 2571
023 111 82 7 7 1531
023 30 12 7 6 2737
023 101 46 6 6 1438
023 30 4 6 6 1913
023 101 56 7 7 1323
023 111 99 6 6 1345
023 111 97 6 6 1686
023 111 84 7 7 1421
023 30 3 6 7 4003
023 30 34 6 6 2278
023 111 96 7 7 1472
023 30 14 7 7 2174
023 30 27 7 7 2276
023 30 23 7 7 1607
023 111 69 6 6 1203
023 30 6 6 6 1959
023 101 52 7 7 1825
023 30 7 6 6 1604
023 111 67 6 6 1863
023 30 5 6 6 1801
023 111 63 6 6 1341
023 101 41 6 6 2629
023 111 71 7 7 1974
023 101 51 7 6 1831
023 30 35 6 6 1651
023 111 81 6 6 1697
023 101 57 7 7 1461
023 111 73 6 6 3096
023 30 21 7 7 2705
023 111 104 6 6 1541
023 111 92 6 6 1673
023 111 86 6 6 1245
023 30 28 6 7 1815
023 111 64 7 7 1240
023 30 36 6 6 1873
023 30 15 7 7 1730
023 101 44 6 6 1526
023 30 19 7 7 1605
023 101 50 7 7 2306
023 111 91 6 6 1799
023 101 45 6 6 1362
023 111 85 6 6 1178
023 101 48 6 6 1257
023 101 39 6 6 1269
023 111 87 6 6 1456
023 30 16 7 7 1319
023 30 31 6 6 1592
023 111 105 6 6 1857
023 111 80 6 6 1624
023 111 89 7 7 2230
023 101 60 7 6 1376
023 101 54 7 7 1989
023 111 65 7 7 2041
023 30 17 7 7 1653
023 30 10 7 7 1679
023 30 22 7 7 1829
023 111 74 6 6 2070
023 101 55 7 7 1584
023 101 37 6 6 1646
023 111 78 7 7 1825
023 30 25 7 7 1699
023 101 59 7 7 1427
023 30 29 6 6 1485
023 111 77 7 7 1438
023 30 33 6 6 1422
023 111 88 7 7 1748
023 111 72 7 7 1205
023 111 62 6 6 1244
023 30 9 6 6 1886
023 101 43 6 6 1605
023 111 100 7 7 2235
023 111 61 6 6 1239
023 111 70 7 7 1543
023 111 95 7 7 1552
023 111 103 6 6 1530
023 111 79 6 6 2037
023 111 101 7 7 1379
023 101 53 7 7 1286
023 30 30 6 6 2435
023 30 32 6 6 2307
023 111 66 7 7 1511
023 30 18 7 6 2343
023 101 42 6 6 1474
023 111 68 6 6 1628
023 30 26 7 7 1863
023 111 102 7 7 1392
023 30 8 6 6 2192
023 111 108 7 7 1601
023 30 13 7 7 1588
023 30 24 7 7 1787
023 101 58 7 7 1549
023 30 20 7 7 5144
023 111 83 7 7 1437
023 111 106 7 7 1273
023 111 98 6 6 1619
024 1 1 6 6 3835
024 1 1 7 6 4968
024 1 1 7 7 4669
024 30 35 6 6 4199
024 30 24 7 7 4669
024 30 8 6 6 4956
024 30 22 7 7 3277
024 101 46 6 6 4776
024 101 39 6 6 2311
024 30 2 6 6 2083
024 111 99 6 6 3826
024 101 42 6 6 3898
024 111 76 7 6 9311
024 30 3 6 6 3022
024 101 43 6 6 4071
024 111 85 6 6 3224
024 30 9 6 6 3703
024 30 15 7 7 5148
024 111 75 6 6 3005
024 101 49 7 7 5763
024 30 34 6 7 6596
024 30 4 6 6 6431
024 101 56 7 7 3519
024 101 45 6 6 3096
024 111 73 6 6 4198
024 111 80 6 6 3670
024 111 61 6 6 2816
024 111 98 6 6 3259
024 101 58 7 7 2408
024 101 47 6 6 3310
024 111 88 7 7 6167
024 111 64 7 7 1960
024 30 28 6 6 2543
024 30 30 6 6 4820
024 101 59 7 7 2425
024 30 11 7 7 3143
024 30 29 6 6 2403
024 30 18 7 6 2161
024 111 67 6 6 4687
024 111 84 7 7 2651
024 111 71 7 7 2916
024 111 69 6 6 3110
024 111 86 6 6 2214
024 30 31 6 6 5708
024 111 62 6 6 4850
024 30 10 7 7 3625
024 111 101 7 7 3617
024 30 27 7 7 4222
024 111 95 7 7 3812
024 30 13 7 7 2872
024 30 20 7 6 3856
024 30 26 7 7 3134
024 101 54 7 7 4201
024 111 94 7 7 3600
024 111 81 6 6 3173
024 101 38 6 7 4071
024 111 70 7 7 2054
024 30 6 6 6 4137
024 111 104 6 6 3269
024 101 41 6 6 3534
024 101 53 7 6 2427
024 30 14 7 7 3575
024 111 97 6 7 2421
024 111 107 7 7 2495
024 111 93 6 6 3245
024 101 44 6 6 3215
024 111 66 7 7 4193
024 111 105 6 6 6354
024 30 32 6 6 7061
024 30 5 6 6 3159
024 111 72 7 7 2707
024 30 1 6 6 3882
024 111 87 6 6 2668
024 111 96 7 7 2969
024 30 36 6 6 4168
024 101 51 7 6 3242
024 101 48 6 6 2361
024 111 63 6 6 3113
024 111 91 6 6 2554
024 111 108 7 7 2427
024 111 82 7 7 2360
024 111 90 7 7 2191
024 111 74 6 6 4451
024 101 55 7 7 2428
024 30 33 6 6 3659
024 30 21 7 6 3468
024 111 79 6 6 4351
024 30 12 7 6 4145
024 101 50 7 7 3544
024 111 77 7 7 2220
024 111 68 6 6 3356
024 111 89 7 7 2763
024 111 100 7 7 3752
024 111 106 7 6 6890
024 30 25 7 7 3160
024 111 102 7 7 3146
024 30 17 7 7 2712
024 101 60 7 7 2501
024 111 83 7 7 3434
024 101 40 6 7 3291
024 30 16 7 7 2275
024 111 65 7 7 3500
024 30 23 7 7 3232
024 111 103 6 6 3435
024 101 52 7 7 2489
024 111 78 7 7 3284
024 30 19 7 7 3757
024 101 37 6 6 2410
024 101 57 7 7 2933
024 30 7 6 6 2443
024 111 92 6 6 5799
025 1 1 6 7 4664
025 1 1 7 7 3166
025 1 1 7 7 3612
025 111 63 6 6 2612
025 101 37 6 6 3318
025 101 45 6 6 3082
025 30 36 6 6 6905
025 111 108 7 7 3024
025 101 55 7 7 3955
025 111 103 6 6 4098
025 111 69 6 6 3286
025 101 42 6 6 2997
025 111 101 7 7 3702
025 111 65 7 7 6025
025 30 23 7 7 3558
025 111 92 6 6 4936
025 101 56 7 7 2744
025 30 5 6 6 8587
025 30 12 7 6 4242
025 111 105 6 6 4187
025 111 85 6 7 5181
025 111 100 7 7 3470
025 111 62 6 6 4238
025 111 104 6 6 4184
025 30 17 7 7 3726
025 111 93 6 6 3286
025 30 27 7 7 5143
025 30 30 6 6 3973
025 101 58 7 7 4135
025 111 67 6 6 5206
025 111 78 7 7 3456
025 30 20 7 7 4086
025 111 77 7 7 5113
025 101 53 7 6 7102
025 101 57 7 7 2999
025 111 66 7 7 4443
025 101 46 6 6 4243
025 30 3 6 6 5179
025 101 59 7 7 4045
025 101 39 6 6 2860
025 111 80 6 6 3765
025 101 52 7 7 3805
025 111 89 7 6 8357
025 111 64 7 7 3583
025 111 96 7 7 8063
025 111 68 6 6 3262
025 101 50 7 7 4033
025 30 33 6 6 6253
025 30 22 7 7 5046
025 30 11 7 6 5288
025 111 99 6 6 3892
025 101 48 6 7 2667
025 30 10 7 7 2749
025 111 86 6 6 2169
025 111 95 7 7 2781
025 111 81 6 6 2929
025 111 72 7 7 2889
025 111 76 7 7 5740
025 30 6 6 6 4441
025 111 75 6 6 2231
025 30 31 6 6 4398
025 30 35 6 6 3074
025 30 15 7 7 6686
025 111 82 7 7 3553
025 30 32 6 6 5729
025 30 9 6 6 7007
025 111 73 6 7 4202
025 101 38 6 7 2955
025 30 28 6 7 5301
025 30 4 6 6 4970
025 111 107 7 7 4066
025 30 24 7 7 4867
025 30 14 7 7 4735
025 111 71 7 6 3807
025 111 97 6 7 4764
025 30 16 7 7 6286
025 111 88 7 7 3601
025 30 2 6 7 4732
025 101 43 6 7 5074
025 30 7 6 6 2184
025 111 70 7 7 3081
025 30 19 7 7 7735
025 111 83 7 7 3967
025 30 13 7 7 2681
025 30 29 6 6 3303
025 111 90 7 7 3400
025 30 34 6 6 3466
025 111 61 6 6 2737
025 111 79 6 6 2867
025 30 21 7 7 4061
025 101 41 6 6 3388
025 111 102 7 7 3139
025 101 44 6 6 3754
025 30 26 7 7 3780
025 101 40 6 6 2703
025 30 1 6 6 4601
025 111 87 6 6 5918
025 111 106 7 7 17093
025 101 49 7 7 3297
025 101 60 7 7 5460
025 30 8 6 6 3832
025 101 47 6 6 4913
025 111 91 6 6 4892
025 111 98 6 7 4239
025 111 74 6 6 4493
025 101 54 7 7 3711
025 30 18 7 7 3771
025 111 84 7 7 3407
025 30 25 7 7 4739
025 111 94 7 7 6103
025 101 51 7 7 3382
026 1 1 6 6 5431
026 1 1 7 7 2288
026 1 1 7 7 4306
026 30 4 6 6 4226
026 111 101 7 7 2302
026 111 102 7 7 3400
026 30 15 7 7 2275
026 30 23 7 7 2130
026 111 64 7 7 1613
026 101 57 7 7 1837
026 111 86 6 6 1675
026 111 61 6 6 1888
026 111 65 7 7 6049
026 101 52 7 7 2498
026 111 85 6 6 1401
026 30 8 6 6 3448
026 101 48 6 6 2850
026 111 83 7 6 2758
026 30 27 7 7 4612
026 30 9 6 6 5242
026 30 33 6 6 1901
026 111 96 7 7 4526
026 111 70 7 7 2279
026 101 44 6 6 2519
026 111 78 7 7 5463
026 30 35 6 6 2403
026 111 99 6 6 2656
026 30 1 6 6 3320
026 111 104 6 6 2564
026 101 54 7 7 3764
026 111 74 6 6 3708
026 101 45 6 6 2175
026 30 14 7 7 3962
026 111 87 6 6 1821
026 111 94 7 6 3203
026 101 39 6 6 1919
026 30 30 6 6 4529
026 30 24 7 7 3923
026 30 19 7 7 2170
026 30 25 7 7 2601
026 111 95 7 7 2586
026 101 40 6 6 1637
026 101 47 6 6 2560
026 111 97 6 7 2499
026 111 72 7 7 1665
026 101 43 6 6 1726
026 111 107 7 7 2121
026 30 32 6 6 4047
026 111 92 6 6 2301
026 30 7 6 6 1984
026 111 105 6 7 3619
026 111 68 6 6 2480
026 111 106 7 7 1865
026 30 34 6 6 2999
026 30 26 7 7 1993
026 101 41 6 6 2126
026 30 20 7 7 6479
026 111 90 7 7 2671
026 111 79 6 6 2055
026 111 66 7 7 4764
026 101 56 7 7 3894
026 101 53 7 7 1828
026 111 73 6 7 2296
026 30 21 7 7 3745
026 101 59 7 7 2007
026 111 93 6 6 2863
026 111 84 7 7 1994
026 30 5 6 6 2805
026 111 88 7 7 2786
026 30 22 7 7 2947
026 101 37 6 6 5128
026 101 58 7 7 2147
026 111 91 6 6 2451
026 101 50 7 7 2385
026 30 36 6 6 2927
026 111 81 6 6 2280
026 111 108 7 7 1820
026 30 18 7 7 1578
026 111 77 7 7 2754
026 111 75 6 6 2100
026 111 100 7 7 2254
026 101 55 7 6 1996
026 111 80 6 7 2383
026 30 12 7 6 3882
026 111 98 6 6 2455
026 30 31 6 6 2900
026 30 28 6 6 2321
026 101 49 7 6 2841
026 30 3 6 6 3186
026 111 69 6 6 1537
026 101 60 7 6 2032
026 30 6 6 6 2256
026 101 51 7 6 2280
026 30 13 7 7 1953
026 111 62 6 6 1896
026 30 2 6 6 2893
026 30 16 7 6 2437
026 30 29 6 6 3392
026 111 89 7 7 2113
026 30 10 7 7 1964
026 101 38 6 7 2662
026 101 46 6 6 1776
026 111 76 7 6 7113
026 111 71 7 7 2901
026 111 103 6 6 2275
026 30 17 7 7 2559
026 111 67 6 6 3843
026 111 63 6 6 2451
026 101 42 6 6 3007
026 30 11 7 7 3450
026 111 82 7 7 1830
027 1 1 6 7 4245
027 1 1 7 7 5351
027 1 1 7 6 4638
027 30 25 7 7 2388
027 30 14 7 7 6792
027 101 40 6 6 2544
027 111 74 6 6 3881
027 30 10 7 7 3093
027 30 2 6 6 2240
027 30 12 7 6 5412
027 111 79 6 6 4060
027 30 13 7 7 2375
027 111 88 7 7 3276
027 101 53 7 6 2749
027 30 8 6 6 8543
027 111 92 6 6 3894
027 30 4 6 6 4864
027 111 87 6 6 2283
027 111 68 6 7 5243
027 30 23 7 7 2233
027 111 98 6 6 2211
027 101 55 7 7 3298
027 101 57 7 7 2020
027 111 77 7 6 4247
027 111 69 6 6 2592
027 111 64 7 6 2762
027 30 26 7 7 3377
027 30 16 7 7 4060
027 30 20 7 6 4222
027 111 70 7 7 2731
027 111 108 7 7 2125
027 111 61 6 6 2604
027 111 99 6 6 3209
027 111 97 6 6 2682
027 111 93 6 6 2849
027 30 9 6 6 4626
027 30 15 7 7 2776
027 101 38 6 7 3379
027 30 34 6 6 2364
027 111 63 6 6 1865
027 101 41 6 6 1804
027 101 48 6 6 1878
027 30 35 6 6 5149
027 30 29 6 6 1726
027 30 32 6 6 2451
027 111 72 7 7 2954
027 111 100 7 7 2929
027 111 84 7 7 1867
027 111 67 6 6 2546
027 30 6 6 6 2568
027 30 27 7 7 4694
027 111 86 6 6 2467
027 101 49 7 7 3350
027 101 54 7 7 5310
027 101 44 6 6 4574
027 111 96 7 7 3150
027 101 46 6 6 1834
027 30 3 6 6 4122
027 30 1 6 6 2426
027 111 62 6 6 2052
027 30 11 7 7 2768
027 30 24 7 7 3191
027 101 39 6 6 1617
027 111 81 6 6 2110
027 111 76 7 7 3230
027 30 19 7 7 2125
027 30 22 7 7 2718
027 30 18 7 6 3225
027 111 80 6 6 2467
027 111 75 6 6 2562
027 111 73 6 7 1892
027 111 78 7 7 3103
027 111 66 7 6 4847
027 111 105 6 6 2902
027 101 43 6 7 3423
027 111 90 7 7 3866
027 101 37 6 6 1478
027 111 107 7 7 2863
027 101 56 7 7 2388
027 111 71 7 6 2145
027 101 59 7 7 2430
027 111 104 6 6 2760
027 111 95 7 7 2137
027 111 89 7 7 1991
027 111 103 6 6 1743
027 30 30 6 6 2203
027 111 82 7 7 1978
027 30 5 6 6 2431
027 101 52 7 6 3077
027 111 102 7 7 4167
027 101 45 6 6 1715
027 101 42 6 6 1627
027 111 94 7 7 5327
027 101 51 7 7 2970
027 30 21 7 6 5541
027 111 101 7 7 2495
027 101 50 7 6 3985
027 101 60 7 7 3619
027 30 7 6 7 3850
027 111 91 6 6 2665
027 111 85 6 6 2444
027 111 83 7 7 3495
027 111 106 7 6 4016
027 30 31 6 6 4872
027 30 36 6 6 5180
027 30 28 6 6 1855
027 101 47 6 7 3930
027 101 58 7 7 2035
027 30 17 7 7 2446
027 30 33 6 6 2025
027 111 65 7 7 3368
028 1 1 6 6 2030
028 1 1 7 7 1687
028 1 1 7 6 2725
028 30 13 7 7 1997
028 30 32 6 6 4152
028 30 12 7 6 1967
028 111 81 6 6 1818
028 111 69 6 6 1764
028 101 53 7 7 2390
028 30 27 7 7 3268
028 30 25 7 7 1977
028 111 63 6 6 1842
028 111 79 6 6 1986
028 111 64 7 7 1696
028 111 78 7 7 2589
028 101 48 6 6 1592
028 111 68 6 6 1975
028 101 58 7 7 1550
028 111 86 6 6 1537
028 111 108 7 7 1736
028 30 22 7 7 2063
028 30 9 6 6 2790
028 111 82 7 7 1586
028 30 33 6 6 1662
028 30 15 7 6 5259
028 30 7 6 6 2668
028 111 74 6 6 2240
028 111 105 6 6 4306
028 111 62 6 6 1705
028 30 36 6 6 2418
028 111 99 6 6 2691
028 101 44 6 6 1744
028 30 24 7 7 2457
028 30 29 6 6 1927
028 111 91 6 6 1818
028 101 39 6 6 1230
028 111 102 7 7 2326
028 111 70 7 7 1899
028 111 92 6 6 1711
028 101 49 7 7 2535
028 111 87 6 6 1818
028 111 77 7 7 1522
028 111 67 6 6 2369
028 101 60 7 6 1340
028 30 28 6 7 2581
028 30 23 7 7 2555
028 101 45 6 6 1335
028 30 18 7 7 1626
028 101 40 6 6 1269
028 111 84 7 7 1750
028 101 50 7 7 2687
028 30 10 7 7 1720
028 101 54 7 7 2361
028 101 41 6 6 1715
028 111 95 7 7 2196
028 111 85 6 6 1577
028 101 47 6 6 2782
028 111 106 7 7 1627
028 111 76 7 7 2929
028 30 3 6 6 1617
028 30 26 7 6 2093
028 111 103 6 6 2556
028 111 66 7 7 2415
028 101 59 7 7 1808
028 30 6 6 6 2604
028 101 46 6 6 1566
028 101 57 7 7 1842
028 30 14 7 6 3117
028 101 51 7 7 2074
028 111 98 6 6 2089
028 111 90 7 7 1433
028 30 17 7 7 1890
028 111 65 7 7 2973
028 111 75 6 6 2062
028 101 37 6 6 2441
028 111 83 7 7 1823
028 30 5 6 6 2207
028 111 80 6 6 2105
028 111 96 7 7 2179
028 101 55 7 7 1815
028 30 4 6 6 1912
028 101 42 6 6 1777
028 30 31 6 6 4429
028 111 61 6 6 1319
028 111 97 6 7 1600
028 111 71 7 6 2962
028 111 100 7 7 2401
028 101 43 6 6 2383
028 30 35 6 6 1999
028 101 56 7 7 1508
028 111 72 7 7 1810
028 111 107 7 7 3205
028 30 1 6 6 2277
028 30 20 7 7 3642
028 30 2 6 6 2090
028 30 16 7 7 2161
028 30 19 7 7 4360
028 30 30 6 6 1963
028 30 21 7 7 6345
028 111 101 7 7 1927
028 111 104 6 6 2130
028 111 73 6 7 1897
028 111 93 6 6 1450
028 30 11 7 7 2063
028 111 94 7 7 2860
028 101 38 6 6 4672
028 101 52 7 6 2119
028 30 34 6 6 2313
028 111 88 7 7 2295
028 111 89 7 7 2365
028 30 8 6 6 1845
029 1 1 6 6 2840
029 1 1 7 7 1834
029 1 1 7 7 3172
029 111 91 6 6 3094
029 30 19 7 7 3698
029 111 71 7 7 4654
029 30 31 6 6 5869
029 30 27 7 7 6929
029 30 29 6 6 2075
029 111 63 6 6 2971
029 30 3 6 6 4646
029 111 98 6 6 2587
029 111 65 7 7 3618
029 30 18 7 7 4898
029 111 81 6 6 2418
029 101 48 6 6 1827
029 111 69 6 6 1758
029 30 28 6 6 1671
029 111 68 6 6 2343
029 30 34 6 6 3167
029 111 100 7 7 2623
029 111 86 6 6 1774
029 111 102 7 7 5702
029 111 64 7 7 1479
029 111 83 7 7 3053
029 30 13 7 7 2636
029 111 105 6 6 4526
029 101 47 6 7 4103
029 111 73 6 7 5102
029 111 90 7 7 1794
029 30 32 6 6 2653
029 101 40 6 6 2624
029 101 52 7 7 2391
029 30 10 7 7 1889
029 101 38 6 7 2033
029 111 89 7 7 1665
029 30 23 7 7 2450
029 30 5 6 6 4776
029 30 16 7 6 2185
029 111 104 6 6 2338
029 101 37 6 6 6486
029 30 12 7 7 4281
029 30 30 6 6 4034
029 30 14 7 7 3018
029 101 53 7 7 3668
029 111 87 6 6 2056
029 111 72 7 7 1853
029 101 57 7 7 8357
029 111 75 6 6 2207
029 111 94 7 7 4168
029 101 44 6 6 4576
029 30 1 6 6 2234
029 30 22 7 7 3924
029 30 20 7 7 8560
029 111 97 6 7 7006
029 30 6 6 6 3140
029 30 24 7 7 2299
029 30 33 6 6 1866
029 111 108 7 7 3853
029 101 58 7 7 2165
029 30 4 6 6 2975
029 101 54 7 7 2323
029 30 26 7 7 1874
029 101 45 6 6 1524
029 111 88 7 7 3189
029 111 99 6 6 1974
029 101 49 7 7 3346
029 101 60 7 7 2786
029 101 39 6 6 1650
029 30 11 7 6 2030
029 101 50 7 7 3955
029 111 77 7 7 2902
029 111 80 6 6 2164
029 111 66 7 7 1708
029 30 25 7 7 7837
029 101 42 6 6 1612
029 111 103 6 6 3160
029 111 70 7 7 4672
029 101 43 6 6 1985
029 101 59 7 7 1899
029 111 106 7 7 1700
029 111 95 7 7 2575
029 111 61 6 6 2457
029 30 2 6 7 1895
029 111 67 6 6 3813
029 30 15 7 7 2280
029 30 21 7 7 2313
029 30 17 7 7 4390
029 30 7 6 6 2261
029 101 46 6 6 2030
029 111 79 6 6 3708
029 111 76 7 7 3590
029 111 82 7 7 1932
029 111 78 7 7 2233
029 111 92 6 6 3330
029 101 51 7 7 2994
029 30 8 6 6 2180
029 101 56 7 7 2085
029 111 84 7 7 2268
029 30 36 6 6 3797
029 111 74 6 6 3722
029 111 62 6 6 2636
029 30 35 6 6 2305
029 101 55 7 7 1776
029 111 85 6 6 1765
029 30 9 6 6 4124
029 111 107 7 7 2551
029 101 41 6 6 3066
029 111 101 7 7 2276
029 111 93 6 6 2166
029 111 96 7 6 2646
030 1 1 6 6 3873
030 111 106 7 7 4778
030 101 53 7 6 6048
030 101 60 7 7 5892
030 30 8 6 6 3557
030 30 9 6 6 6699
030 111 107 7 7 2740
030 111 89 7 7 3252
030 101 59 7 7 4025
030 30 18 7 7 2445
030 111 76 7 7 4441
030 30 25 7 7 3671
030 30 27 7 7 3535
030 101 51 7 7 6017
030 101 57 7 7 2264
030 101 56 7 7 3076
030 111 71 7 7 2645
030 101 48 6 7 6436
030 30 29 6 6 2280
030 30 15 7 7 4855
030 111 65 7 7 4727
030 111 88 7 7 2864
030 111 62 6 6 2550
030 111 102 7 7 3187
030 30 3 6 6 6761
030 111 93 6 6 2538
030 30 34 6 6 3665
030 30 2 6 6 2183
030 111 61 6 6 2142
030 30 1 6 6 3444
030 30 21 7 7 4590
030 111 100 7 7 5400
030 101 50 7 7 4906
030 101 43 6 6 5724
030 30 4 6 6 3111
030 111 94 7 7 3531
030 111 108 7 7 2247
030 30 14 7 7 3018
030 30 36 6 6 3547
030 30 7 6 6 1690
030 30 35 6 6 4157
030 111 104 6 6 2116
030 111 83 7 7 2808
030 111 98 6 6 2258
030 30 13 7 7 1900
030 111 79 6 6 3546
030 30 31 6 6 4107
030 111 95 7 7 2026
030 111 97 6 7 2757
030 111 69 6 6 1957
030 101 52 7 7 2167
030 111 84 7 7 2923
030 30 28 6 6 1588
030 30 17 7 7 2902
030 101 46 6 6 2262
030 111 74 6 6 5289
030 111 80 6 6 2479
030 101 37 6 6 2420
030 101 41 6 6 3080
030 111 70 7 7 1872
030 111 82 7 7 2188
030 101 54 7 7 5485
030 101 49 7 7 2785
030 30 22 7 7 2182
030 111 75 6 6 2420
030 101 39 6 6 2439
030 111 68 6 6 1956
030 111 99 6 6 2526
030 30 19 7 7 3160
030 111 87 6 6 1779
030 111 78 7 7 2056
030 30 32 6 6 2807
030 30 23 7 7 2400
030 30 30 6 6 2763
030 101 47 6 6 2766
030 111 90 7 7 1638
030 101 44 6 6 3378
030 111 92 6 6 3271
030 30 5 6 6 2240
030 111 64 7 7 1774
030 30 11 7 7 2926
030 101 40 6 6 1548
030 30 20 7 7 7490
030 101 42 6 6 2294
030 111 66 7 7 2936
030 101 45 6 6 4021
030 30 24 7 7 3572
030 30 26 7 7 2510
030 101 55 7 7 2070
030 101 38 6 7 2988
030 111 103 6 6 2019
030 30 10 7 7 2504
030 30 6 6 6 3731
030 111 72 7 7 1284
030 111 63 6 6 2370
030 30 33 6 6 1919
030 111 105 6 6 8595
030 111 81 6 6 2222
030 30 16 7 7 2656
030 111 101 7 7 2101
030 30 12 7 6 4464
030 111 96 7 7 4411
030 111 91 6 6 2636
030 101 58 7 7 2285
030 111 67 6 6 5209
030 111 77 7 7 4011
030 111 73 6 6 3349
030 111 86 6 6 1677
030 111 85 6 6 1552
031 1 1 6 7 4422
031 1 1 7 7 1903
031 1 1 7 7 410
031 101 59 7 7 2411
031 111 104 6 6 2499
031 111 96 7 7 2409
031 30 34 6 6 2761
031 111 97 6 7 3430
031 30 30 6 6 2616
031 30 36 6 6 2233
031 111 70 7 7 1669
031 101 41 6 6 3291
031 111 67 6 6 4555
031 30 26 7 7 2382
031 30 27 7 7 1873
031 30 4 6 6 2339
031 111 101 7 7 1883
031 30 35 6 6 1956
031 30 3 6 6 4150
031 101 55 7 7 3538
031 101 38 6 7 2511
031 30 13 7 7 1977
031 111 86 6 6 1662
031 111 107 7 7 2085
031 101 60 7 7 1530
031 111 74 6 6 2773
031 111 102 7 7 2236
031 111 83 7 7 2675
031 111 62 6 6 2031
031 30 6 6 6 2540
031 101 49 7 7 2473
031 30 29 6 6 2280
031 111 90 7 7 1928
031 101 50 7 7 2274
031 111 66 7 7 2232
031 111 79 6 6 2073
031 30 20 7 6 15516
031 111 78 7 7 2655
031 111 99 6 6 4433
031 111 75 6 6 2103
031 111 108 7 7 2167
031 111 68 6 6 2631
031 101 46 6 6 6649
031 101 44 6 6 2631
031 101 42 6 6 2145
031 111 87 6 6 3125
031 30 5 6 6 3360
031 101 53 7 6 5583
031 30 15 7 7 2378
031 30 8 6 6 3204
031 30 14 7 7 3149
031 30 12 7 6 4421
031 111 91 6 6 2619
031 101 48 6 6 1523
031 111 71 7 7 4482
031 111 65 7 6 4940
031 30 1 6 6 2148
031 101 52 7 7 1751
031 30 2 6 6 1915
031 30 25 7 7 1765
031 111 105 6 7 8887
031 111 92 6 6 8970
031 111 89 7 7 2361
031 30 23 7 7 2304
031 30 7 6 7 2595
031 30 17 7 7 3379
031 30 28 6 7 1810
031 30 10 7 7 1573
031 101 51 7 6 2447
031 111 93 6 6 2171
031 101 43 6 6 2006
031 101 45 6 6 3035
031 111 72 7 6 4009
031 30 16 7 7 1911
031 111 80 6 6 3071
031 101 47 6 6 2739
031 101 57 7 7 2416
031 30 18 7 7 1709
031 101 37 6 6 2392
031 111 85 6 6 1755
031 30 24 7 6 6841
031 111 61 6 6 1443
031 101 56 7 7 1680
031 30 31 6 6 2967
031 101 58 7 6 1543
031 111 98 6 6 2106
031 111 76 7 7 2139
031 111 64 7 7 1560
031 30 19 7 7 1711
031 111 63 6 6 2032
031 30 11 7 7 3758
031 111 77 7 6 2699
031 111 73 6 7 2693
031 101 40 6 6 1490
031 30 32 6 6 8060
031 30 9 6 7 3963
031 111 94 7 7 8381
031 111 103 6 6 2372
031 30 22 7 7 2899
031 111 106 7 7 2053
031 111 95 7 7 1437
031 101 39 6 6 1789
031 111 88 7 7 1995
031 30 33 6 6 1400
031 111 100 7 7 2631
031 111 84 7 7 2283
031 30 21 7 7 2961
031 111 81 6 6 2352
031 111 69 6 7 1665
031 101 54 7 6 4640
031 111 82 7 7 3224
032 1 1 6 6 3893
032 1 1 7 7 2811
032 1 1 7 7 3014
032 111 75 6 6 4050
032 111 89 7 7 2616
032 30 12 7 6 2846
032 111 104 6 6 2583
032 30 23 7 7 2175
032 30 3 6 6 3660
032 111 99 6 6 4085
032 101 51 7 7 3180
032 111 82 7 7 2049
032 30 22 7 7 3092
032 111 90 7 7 1801
032 30 29 6 6 1795
032 30 16 7 7 1740
032 30 30 6 6 3312
032 111 92 6 6 1796
032 111 106 7 7 1288
032 30 18 7 7 2353
032 101 37 6 6 1779
032 30 31 6 6 6753
032 111 74 6 6 2650
032 30 11 7 7 2797
032 101 48 6 6 1996
032 30 2 6 6 2194
032 111 107 7 7 1948
032 30 24 7 6 2558
032 101 55 7 7 2868
032 30 17 7 7 2458
032 101 58 7 7 3624
032 30 7 6 6 2933
032 111 102 7 7 2157
032 111 97 6 7 3654
032 30 21 7 7 3412
032 111 68 6 6 2652
032 101 47 6 6 2945
032 111 103 6 6 1689
032 101 45 6 6 1938
032 111 65 7 6 3535
032 111 76 7 7 4010
032 30 27 7 7 3669
032 111 101 7 7 1733
032 101 59 7 6 4211
032 101 39 6 6 1794
032 101 60 7 7 3031
032 111 61 6 6 1857
032 111 64 7 7 1565
032 111 98 6 7 5382
032 111 72 7 7 2167
032 30 5 6 6 2951
032 101 52 7 7 1925
032 111 100 7 7 2373
032 30 32 6 6 2429
032 111 78 7 7 1760
032 30 15 7 6 2516
032 101 41 6 6 2489
032 30 28 6 6 1940
032 30 33 6 6 2547
032 101 49 7 7 2850
032 111 96 7 6 2125
032 30 4 6 6 2181
032 30 36 6 6 2432
032 30 20 7 6 2671
032 101 46 6 6 2772
032 111 67 6 6 5368
032 30 10 7 7 1923
032 111 66 7 7 1486
032 111 91 6 6 3969
032 101 40 6 6 1487
032 111 70 7 7 1881
032 111 73 6 7 2301
032 30 1 6 6 2416
032 111 105 6 6 2326
032 30 26 7 7 2004
032 111 86 6 6 2190
032 101 44 6 6 2289
032 111 62 6 6 2048
032 111 80 6 6 2078
032 111 87 6 6 1304
032 111 95 7 7 2272
032 30 34 6 6 2059
032 101 43 6 6 1895
032 111 85 6 6 2387
032 111 108 7 7 1862
032 30 14 7 7 2830
032 101 50 7 7 4833
032 111 84 7 7 1343
032 101 53 7 7 3796
032 111 69 6 6 1945
032 111 83 7 6 3496
032 111 77 7 7 2071
032 30 13 7 7 1806
032 30 8 6 6 2075
032 111 81 6 6 1957
032 30 9 6 6 2346
032 101 54 7 7 2307
032 111 94 7 7 2630
032 30 6 6 6 2267
032 30 35 6 6 1986
032 101 56 7 7 2379
032 111 93 6 6 1916
032 111 71 7 6 1984
032 101 42 6 6 1846
032 111 88 7 6 2855
032 30 25 7 7 3220
032 101 57 7 7 1237
032 111 63 6 7 2012
032 111 79 6 6 1847
032 101 38 6 7 2168
032 30 19 7 7 1136
034 1 1 6 6 2815
034 1 1 7 7 2110
034 1 1 7 7 2011
034 111 67 6 6 5303
034 111 76 7 6 2901
034 30 10 7 7 2668
034 111 96 7 6 3836
034 111 88 7 6 3578
034 101 56 7 6 2879
034 101 41 6 7 3312
034 30 5 6 6 2361
034 111 90 7 7 2097
034 30 6 6 6 2503
034 101 55 7 6 1850
034 111 68 6 6 2031
034 111 80 6 7 3099
034 111 99 6 7 2320
034 30 21 7 7 3597
034 101 51 7 6 2996
034 30 27 7 7 3734
034 111 82 7 6 1967
034 111 73 6 7 2307
034 101 46 6 7 3056
034 111 79 6 6 6070
034 30 31 6 6 2846
034 111 71 7 6 2514
034 111 72 7 6 2570
034 101 59 7 6 4737
034 30 14 7 7 3845
034 101 40 6 6 1985
034 111 62 6 6 1890
034 111 87 6 6 1821
034 30 23 7 7 2965
034 101 54 7 6 1766
034 111 100 7 7 2453
034 111 77 7 7 2672
034 111 89 7 6 2375
034 30 2 6 7 1785
034 30 30 6 7 3937
034 101 60 7 6 2291
034 30 16 7 6 1873
034 101 42 6 7 1931
034 111 97 6 7 2950
034 111 107 7 7 2078
034 111 95 7 7 2047
034 30 15 7 7 2660
034 111 69 6 6 1751
034 30 7 6 6 1505
034 101 44 6 7 2326
034 30 28 6 6 2269
034 111 65 7 6 2744
034 30 36 6 6 3000
034 30 25 7 7 2130
034 111 83 7 6 2839
034 30 11 7 7 3537
034 30 22 7 6 3118
034 111 108 7 7 3475
034 101 57 7 7 2162
034 111 92 6 6 2801
034 101 38 6 6 1956
034 101 58 7 7 2105
034 111 75 6 6 1930
034 111 106 7 7 2356
034 30 18 7 7 1989
034 111 93 6 6 2269
034 101 47 6 7 2154
034 30 1 6 6 2470
034 30 12 7 6 2259
034 111 63 6 7 3086
034 111 86 6 7 1863
034 111 102 7 7 2427
034 111 64 7 7 2211
034 101 48 6 6 1434
034 111 78 7 7 2190
034 30 26 7 7 2543
034 111 105 6 7 2066
034 30 8 6 6 2475
034 30 24 7 6 2656
034 111 94 7 7 4345
034 101 50 7 6 3001
034 111 91 6 6 1949
034 101 45 6 7 1937
034 111 81 6 6 1882
034 111 70 7 7 1649
034 30 29 6 6 1681
034 30 4 6 7 2455
034 30 3 6 6 2448
034 101 53 7 7 1724
034 30 35 6 6 1554
034 30 13 7 7 1978
034 30 17 7 7 3362
034 111 74 6 7 2223
034 30 34 6 7 2568
034 101 52 7 7 2113
034 30 19 7 7 2533
034 111 103 6 6 1979
034 111 104 6 6 2731
034 101 39 6 6 1787
034 30 32 6 6 3540
034 111 98 6 7 2019
034 111 61 6 7 1993
034 30 33 6 6 1443
034 111 84 7 7 2093
034 30 20 7 6 1788
034 30 9 6 6 2349
034 101 37 6 6 1975
034 111 85 6 7 2016
034 111 66 7 7 2520
034 111 101 7 7 2374
034 101 43 6 6 1913
034 101 49 7 7 2057
035 1 1 6 6 2629
035 1 1 7 7 1831
035 1 1 7 7 2905
035 30 22 7 7 2665
035 30 34 6 6 2189
035 111 105 6 6 3074
035 101 38 6 7 4332
035 101 57 7 7 2597
035 111 63 6 6 1586
035 111 62 6 6 1849
035 111 72 7 7 2641
035 111 65 7 7 2578
035 101 45 6 6 2197
035 111 106 7 7 1790
035 111 99 6 6 2367
035 101 39 6 6 1744
035 30 18 7 7 2788
035 111 71 7 7 2266
035 30 7 6 6 2024
035 111 104 6 6 2230
035 30 17 7 7 2297
035 30 6 6 6 2345
035 111 74 6 6 2766
035 30 10 7 7 3147
035 111 70 7 7 1708
035 101 54 7 7 1860
035 101 50 7 7 3633
035 111 97 6 7 2219
035 30 15 7 7 1838
035 101 37 6 6 2597
035 30 21 7 7 4464
035 30 32 6 6 2827
035 30 4 6 6 2491
035 30 20 7 6 4668
035 111 94 7 7 2716
035 101 58 7 7 2381
035 30 9 6 6 3507
035 30 25 7 7 3751
035 101 42 6 6 1842
035 30 13 7 7 1754
035 111 69 6 6 1532
035 30 24 7 7 2505
035 30 12 7 6 2774
035 101 49 7 7 3023
035 111 77 7 7 1630
035 111 91 6 6 1850
035 111 67 6 6 3167
035 101 46 6 7 3325
035 30 2 6 6 1555
035 111 61 6 6 1903
035 101 60 7 7 2880
035 111 107 7 7 1932
035 30 14 7 7 2931
035 101 52 7 7 1743
035 111 87 6 6 2402
035 111 100 7 7 2309
035 111 78 7 7 2364
035 30 35 6 6 3944
035 111 82 7 7 2154
035 101 40 6 6 1696
035 101 43 6 6 2392
035 101 48 6 6 1546
035 111 88 7 7 2065
035 30 8 6 6 2243
035 30 30 6 6 2893
035 30 1 6 6 3504
035 111 102 7 7 2095
035 111 80 6 6 2005
035 111 64 7 7 1471
035 111 101 7 7 2525
035 30 33 6 6 2355
035 30 5 6 6 2215
035 30 19 7 7 2737
035 111 98 6 6 1790
035 30 36 6 6 3617
035 101 44 6 6 2289
035 30 29 6 6 1575
035 30 11 7 7 3298
035 111 108 7 7 1853
035 111 93 6 6 1774
035 111 86 6 6 1741
035 111 75 6 6 1697
035 111 83 7 7 2673
035 30 28 6 6 3844
035 111 90 7 7 1873
035 101 51 7 7 4299
035 111 96 7 7 2215
035 30 31 6 6 2770
035 30 3 6 6 1856
035 111 89 7 7 2160
035 101 47 6 6 3534
035 111 84 7 7 2395
035 30 26 7 7 2103
035 111 92 6 6 1935
035 111 66 7 7 3087
035 111 73 6 7 2916
035 111 103 6 6 2521
035 111 81 6 6 1993
035 101 56 7 7 1972
035 30 27 7 7 3044
035 111 79 6 6 2068
035 101 55 7 7 2049
035 111 76 7 7 2048
035 111 95 7 7 1834
035 101 41 6 6 1820
035 30 16 7 7 1793
035 111 85 6 6 1223
035 111 68 6 6 1754
035 30 23 7 7 2075
035 101 53 7 7 2874
035 101 59 7 7 2921
036 1 1 6 6 3440
036 1 1 7 7 2304
036 1 1 7 7 2908
036 30 2 6 6 2424
036 101 59 7 7 3685
036 111 66 7 7 3758
036 30 22 7 7 3177
036 30 27 7 7 3248
036 30 10 7 7 2833
036 111 80 6 6 2322
036 111 86 6 6 10356
036 101 41 6 6 1866
036 30 23 7 7 2191
036 101 37 6 6 2264
036 111 84 7 7 2519
036 111 88 7 7 3217
036 101 43 6 6 4581
036 101 54 7 7 2582
036 101 45 6 6 1692
036 111 63 6 6 3311
036 101 47 6 6 3036
036 101 55 7 7 1864
036 111 91 6 6 2526
036 30 14 7 7 2630
036 30 24 7 7 3258
036 101 46 6 6 2504
036 111 92 6 6 2802
036 101 38 6 7 3226
036 101 44 6 6 2886
036 111 72 7 7 1515
036 111 106 7 7 3194
036 30 15 7 7 2307
036 111 77 7 7 2712
036 30 31 6 6 3647
036 111 78 7 7 7345
036 111 90 7 7 1406
036 30 5 6 6 3430
036 111 62 6 6 1650
036 101 39 6 6 1750
036 101 49 7 7 3521
036 30 33 6 6 2477
036 111 69 6 6 1793
036 101 40 6 6 3305
036 30 28 6 6 1596
036 111 81 6 6 2078
036 30 32 6 6 6650
036 111 89 7 7 2635
036 111 68 6 6 2261
036 111 105 6 7 14352
036 101 48 6 6 2212
036 30 34 6 6 3102
036 111 99 6 6 2648
036 111 96 7 7 3574
036 30 35 6 6 4875
036 111 76 7 7 5043
036 111 64 7 7 1977
036 30 12 7 6 9515
036 101 56 7 7 3257
036 101 57 7 7 2496
036 30 25 7 7 5825
036 101 53 7 7 2663
036 111 107 7 7 1671
036 30 7 6 6 3246
036 111 95 7 7 4186
036 101 58 7 7 2311
036 111 93 6 6 2013
036 30 11 7 7 1996
036 111 104 6 6 3849
036 111 101 7 7 3658
036 111 85 6 6 3836
036 111 94 7 7 4368
036 101 50 7 7 3046
036 111 61 6 6 5429
036 111 79 6 6 2020
036 30 26 7 7 2896
036 30 1 6 6 4099
036 101 60 7 7 4871
036 111 70 7 7 1961
036 111 65 7 7 6294
036 30 21 7 7 4703
036 111 71 7 7 2994
036 101 51 7 7 1997
036 111 75 6 6 2685
036 30 17 7 7 7293
036 111 67 6 6 4146
036 101 42 6 6 1847
036 30 13 7 7 3496
036 30 4 6 6 2586
036 111 97 6 7 2753
036 30 8 6 6 3356
036 111 82 7 7 5003
036 30 9 6 6 3188
036 30 20 7 7 2944
036 111 100 7 7 2852
036 30 29 6 6 2139
036 30 6 6 6 4653
036 111 108 7 7 2163
036 30 36 6 6 2882
036 111 87 6 6 2329
036 111 102 7 7 2005
036 111 74 6 7 5298
036 111 73 6 6 4079
036 30 19 7 7 2204
036 111 83 7 7 2862
036 111 98 6 6 2198
036 30 16 7 7 1921
036 30 30 6 6 3206
036 30 18 7 7 2332
036 111 103 6 6 1990
036 101 52 7 6 4312
036 30 3 6 6 4961
037 1 1 6 7 3264
037 1 1 7 7 1538
037 1 1 7 7 2724
037 111 81 6 6 1809
037 111 68 6 6 2019
037 111 102 7 7 2295
037 101 47 6 6 4341
037 101 53 7 7 2409
037 111 76 7 7 2519
037 30 5 6 6 3004
037 111 73 6 7 2224
037 30 2 6 7 3764
037 30 26 7 7 2367
037 30 8 6 6 2044
037 111 62 6 6 1726
037 30 10 7 7 2280
037 30 34 6 6 3488
037 101 46 6 7 4410
037 111 85 6 6 1704
037 101 60 7 7 4112
037 30 17 7 7 2356
037 111 79 6 6 2706
037 111 71 7 6 2284
037 101 52 7 7 2011
037 101 40 6 6 1414
037 101 43 6 6 2828
037 30 25 7 7 2910
037 30 11 7 7 1902
037 111 83 7 7 2218
037 111 96 7 7 4263
037 101 58 7 7 2428
037 101 39 6 6 1436
037 30 33 6 6 2380
037 111 103 6 6 2214
037 101 50 7 7 2355
037 111 97 6 7 2068
037 111 92 6 7 6371
037 111 63 6 6 2985
037 111 86 6 6 1410
037 101 56 7 7 2096
037 30 27 7 7 3289
037 101 49 7 7 2869
037 101 59 7 7 2501
037 111 65 7 7 2695
037 101 57 7 7 2388
037 101 45 6 6 2267
037 30 13 7 7 2200
037 111 101 7 7 2740
037 30 14 7 7 2671
037 30 6 6 6 5377
037 111 105 6 6 2849
037 101 51 7 7 2369
037 111 84 7 7 2800
037 30 24 7 7 3962
037 101 41 6 6 1831
037 30 29 6 6 2269
037 30 30 6 7 6237
037 101 37 6 6 1732
037 111 89 7 7 2412
037 30 32 6 6 4669
037 111 93 6 6 2706
037 111 64 7 7 1951
037 111 98 6 6 2404
037 111 87 6 6 2258
037 111 75 6 6 2805
037 30 35 6 6 2211
037 111 94 7 6 5639
037 30 1 6 6 3527
037 30 3 6 6 1842
037 30 19 7 7 2266
037 101 44 6 6 2522
037 111 66 7 7 2359
037 30 9 6 6 2811
037 111 90 7 7 2071
037 101 42 6 6 1604
037 111 108 7 7 2280
037 111 69 6 6 1787
037 30 23 7 7 2730
037 111 70 7 7 2122
037 30 20 7 6 4074
037 111 61 6 6 2659
037 111 72 7 7 3802
037 30 22 7 6 4442
037 111 77 7 7 1781
037 111 91 6 6 5805
037 30 21 7 7 2828
037 111 106 7 7 2142
037 30 31 6 6 2554
037 30 28 6 6 2049
037 101 38 6 7 2672
037 30 15 7 7 3211
037 111 100 7 7 2031
037 111 82 7 7 1962
037 111 99 6 6 3284
037 30 36 6 6 4663
037 111 88 7 7 2311
037 101 54 7 6 3603
037 30 12 7 6 4068
037 30 16 7 7 2738
037 111 78 7 7 3420
037 111 104 6 6 3932
037 101 48 6 6 1781
037 30 4 6 6 3886
037 101 55 7 7 2013
037 111 67 6 6 3300
037 111 74 6 6 5386
037 111 80 6 6 2209
037 111 95 7 7 2224
037 30 18 7 7 2339
037 111 107 7 7 1997
037 30 7 6 6 3007
038 1 1 6 6 3841
038 1 1 7 7 2367
038 1 1 7 7 2962
038 30 1 6 6 4929
038 111 102 7 7 3427
038 30 6 6 6 3061
038 101 39 6 6 1869
038 111 77 7 7 1894
038 111 100 7 7 2867
038 101 57 7 7 3377
038 30 28 6 6 2408
038 30 2 6 6 2837
038 111 86 6 6 1753
038 101 44 6 6 2590
038 30 20 7 7 3685
038 111 61 6 6 2079
038 111 99 6 6 5456
038 101 53 7 7 4074
038 30 17 7 7 4610
038 30 18 7 7 2252
038 30 3 6 6 3195
038 111 106 7 7 3186
038 111 69 6 6 2280
038 30 27 7 7 2925
038 30 15 7 7 3785
038 111 67 6 6 3571
038 111 81 6 6 2036
038 30 10 7 7 1787
038 101 54 7 7 2307
038 30 4 6 6 1905
038 101 50 7 6 4776
038 30 35 6 6 3453
038 111 62 6 6 2467
038 111 63 6 7 4535
038 101 58 7 6 3972
038 111 73 6 7 2348
038 111 98 6 6 4419
038 111 103 6 6 2223
038 111 72 7 7 2315
038 111 80 6 6 2645
038 30 16 7 7 2225
038 101 46 6 6 2898
038 101 47 6 6 3498
038 101 56 7 7 2315
038 111 82 7 7 2300
038 111 89 7 7 4404
038 30 23 7 7 3169
038 111 88 7 7 3650
038 111 107 7 7 2168
038 111 101 7 7 3048
038 30 21 7 7 4243
038 111 97 6 7 3211
038 30 26 7 7 2705
038 30 11 7 7 2500
038 111 95 7 7 2481
038 111 74 6 6 3055
038 111 83 7 6 1997
038 30 9 6 6 4343
038 30 29 6 6 1859
038 30 14 7 7 3248
038 111 93 6 7 3492
038 30 13 7 7 1979
038 101 60 7 7 2487
038 101 49 7 7 4827
038 30 12 7 7 4943
038 30 22 7 7 2509
038 30 32 6 6 2682
038 111 105 6 6 5155
038 30 7 6 7 4830
038 30 31 6 7 4803
038 111 68 6 6 2750
038 111 96 7 7 2521
038 101 51 7 7 2750
038 101 40 6 6 3142
038 30 36 6 6 3632
038 30 24 7 7 4069
038 111 104 6 6 1974
038 101 41 6 6 8285
038 111 65 7 7 3261
038 30 30 6 6 1977
038 111 84 7 7 2915
038 111 90 7 7 2139
038 111 64 7 7 1672
038 111 91 6 6 2088
038 111 75 6 6 1949
038 111 79 6 6 2913
038 111 87 6 6 1771
038 30 19 7 7 2302
038 30 8 6 6 3280
038 30 33 6 6 1990
038 111 108 7 7 2200
038 101 59 7 7 1851
038 111 78 7 7 2383
038 111 66 7 7 3456
038 101 55 7 7 1715
038 111 70 7 7 2196
038 30 5 6 6 3492
038 111 85 6 6 3097
038 30 25 7 6 6803
038 101 38 6 7 2482
038 111 94 7 6 2904
038 101 45 6 6 2127
038 111 76 7 7 3130
038 111 92 6 6 2941
038 30 34 6 6 2201
038 111 71 7 6 2748
038 101 42 6 6 2771
038 101 37 6 6 2223
038 101 48 6 6 4080
038 101 43 6 6 2594
038 101 52 7 6 2198
039 1 1 6 6 2242
039 1 1 7 7 1676
039 1 1 7 7 2412
039 111 73 6 7 2008
039 30 28 6 6 2159
039 111 96 7 7 2942
039 101 49 7 7 2111
039 30 25 7 7 3014
039 111 95 7 7 3067
039 111 97 6 7 1909
039 111 72 7 7 1533
039 111 105 6 6 3289
039 111 74 6 6 4109
039 111 66 7 7 3407
039 101 50 7 7 2761
039 30 13 7 7 2294
039 101 42 6 6 3681
039 30 16 7 7 2276
039 111 90 7 7 1708
039 111 82 7 7 2772
039 30 24 7 7 2840
039 111 108 7 7 2003
039 111 69 6 6 2198
039 111 61 6 6 2581
039 111 65 7 7 2795
039 111 84 7 7 2465
039 30 35 6 7 6533
039 30 9 6 6 5159
039 30 27 7 7 2977
039 111 101 7 7 2242
039 111 89 7 7 2604
039 30 4 6 6 4008
039 30 23 7 7 2328
039 101 39 6 6 1926
039 111 78 7 7 3602
039 101 41 6 6 1963
039 30 19 7 7 1927
039 101 52 7 6 2431
039 30 31 6 6 3235
039 111 107 7 7 1813
039 30 29 6 6 2312
039 111 71 7 7 2318
039 111 103 6 6 2411
039 30 15 7 7 2143
039 111 88 7 7 2425
039 30 3 6 7 5489
039 111 102 7 7 3326
039 30 17 7 7 2994
039 101 57 7 7 1586
039 111 104 6 6 3539
039 30 21 7 7 4288
039 30 6 6 6 3936
039 30 20 7 7 6665
039 111 99 6 6 2032
039 30 26 7 7 2198
039 101 54 7 7 3894
039 30 18 7 7 2020
039 111 106 7 7 2836
039 101 60 7 7 2398
039 30 34 6 6 2998
039 111 91 6 6 3151
039 101 59 7 7 1703
039 101 56 7 7 3531
039 101 45 6 6 3193
039 30 5 6 6 3008
039 111 67 6 6 3252
039 111 63 6 6 2492
039 111 80 6 6 2387
039 30 2 6 6 1652
039 101 55 7 6 3521
039 111 100 7 7 3443
039 111 77 7 6 4606
039 30 36 6 6 2959
039 111 87 6 6 2347
039 111 83 7 7 1966
039 101 48 6 6 1629
039 101 53 7 6 2231
039 30 12 7 6 2846
039 101 43 6 7 1908
039 111 62 6 6 1779
039 30 22 7 7 2530
039 101 37 6 6 1878
039 101 47 6 6 4707
039 101 40 6 6 1355
039 101 46 6 6 1493
039 111 75 6 6 1714
039 30 30 6 7 4455
039 30 33 6 6 2434
039 111 86 6 6 1694
039 30 8 6 6 3813
039 30 10 7 7 1896
039 111 94 7 7 4540
039 30 7 6 6 2037
039 101 58 7 7 1988
039 111 98 6 6 3004
039 111 76 7 7 2117
039 111 81 6 6 2267
039 101 44 6 6 2685
039 111 92 6 7 4050
039 111 64 7 7 1422
039 101 38 6 7 3625
039 30 14 7 7 3798
039 101 51 7 7 4464
039 111 79 6 7 4816
039 111 68 6 6 2139
039 30 32 6 7 4758
039 111 85 6 6 1475
039 111 70 7 7 5907
039 30 1 6 6 3125
039 30 11 7 7 3262
039 111 93 6 6 2248
040 1 1 6 6 2785
040 1 1 7 7 2110
040 1 1 7 6 4534
040 111 96 7 6 4245
040 30 7 6 7 5083
040 30 16 7 7 2763
040 101 55 7 7 1780
040 101 54 7 7 2530
040 101 38 6 7 2598
040 30 34 6 6 2832
040 30 28 6 6 4056
040 101 48 6 7 1949
040 111 72 7 7 2257
040 111 69 6 6 3083
040 111 105 6 6 3815
040 30 24 7 7 2544
040 30 32 6 6 2750
040 111 94 7 7 3047
040 111 82 7 7 2988
040 101 59 7 7 1850
040 111 106 7 7 1893
040 111 63 6 6 4836
040 30 36 6 6 3000
040 30 26 7 7 2226
040 30 19 7 7 2110
040 30 4 6 7 3058
040 30 15 7 6 4341
040 111 68 6 6 3195
040 111 85 6 6 2515
040 111 62 6 6 2426
040 101 43 6 6 2951
040 30 22 7 7 2474
040 30 33 6 6 2838
040 111 75 6 6 1899
040 111 88 7 7 2181
040 101 56 7 7 1848
040 101 45 6 6 1896
040 111 80 6 6 2260
040 30 29 6 6 4657
040 30 5 6 6 3440
040 111 79 6 6 2492
040 111 76 7 6 2505
040 30 6 6 7 3247
040 30 21 7 7 3445
040 111 91 6 6 2541
040 111 64 7 7 2033
040 111 93 6 6 3243
040 111 66 7 7 2175
040 111 81 6 6 2074
040 111 101 7 7 1920
040 111 87 6 6 1947
040 101 58 7 7 2375
040 30 3 6 6 2354
040 111 67 6 6 3453
040 111 65 7 6 4309
040 111 98 6 6 3898
040 101 57 7 7 4101
040 111 97 6 7 2818
040 111 95 7 7 1820
040 101 39 6 6 2375
040 30 30 6 6 2597
040 101 47 6 6 2411
040 101 37 6 6 2314
040 111 107 7 7 2498
040 30 35 6 6 3361
040 111 104 6 6 2051
040 101 44 6 6 2362
040 30 12 7 6 2370
040 30 1 6 6 2917
040 30 9 6 6 3383
040 30 14 7 7 2457
040 30 10 7 7 1776
040 111 90 7 7 2028
040 111 86 6 6 1717
040 111 83 7 7 3886
040 111 92 6 6 2339
040 111 103 6 6 1891
040 30 17 7 7 2730
040 101 51 7 7 2270
040 101 50 7 7 2729
040 30 2 6 6 2669
040 111 108 7 7 1780
040 111 73 6 7 2177
040 111 70 7 7 2032
040 30 11 7 7 4147
040 101 52 7 6 2072
040 101 53 7 6 2870
040 111 84 7 7 1609
040 111 102 7 7 2210
040 111 74 6 6 2778
040 30 8 6 6 3298
040 111 77 7 6 2792
040 111 89 7 7 2678
040 30 25 7 7 3985
040 30 31 6 6 4260
040 30 13 7 7 3807
040 111 78 7 7 2806
040 30 27 7 7 3480
040 101 42 6 6 1777
040 101 46 6 6 2083
040 30 23 7 7 2475
040 111 61 6 6 1774
040 101 41 6 6 1482
040 30 20 7 6 4740
040 101 40 6 6 1514
040 30 18 7 7 2271
040 111 71 7 6 3115
040 111 100 7 7 2287
040 101 60 7 7 2659
040 101 49 7 7 3386
040 111 99 6 6 1689
041 1 1 6 6 3178
041 1 1 7 7 2263
041 1 1 7 6 2913
041 30 32 6 6 6129
041 30 12 7 6 4102
041 101 55 7 7 3256
041 30 5 6 6 2834
041 111 97 6 7 3215
041 101 42 6 6 2329
041 30 28 6 7 8772
041 111 71 7 7 2853
041 111 68 6 6 2513
041 101 40 6 6 1455
041 101 39 6 6 1612
041 30 15 7 7 2196
041 111 106 7 7 3812
041 30 6 6 6 2949
041 30 2 6 6 1750
041 101 46 6 6 2949
041 30 4 6 6 2612
041 30 17 7 7 3189
041 111 75 6 6 2145
041 111 89 7 7 3501
041 111 76 7 7 4330
041 101 60 7 7 5655
041 101 41 6 6 1517
041 101 53 7 7 7248
041 111 66 7 7 3924
041 30 19 7 7 2228
041 30 30 6 6 2196
041 111 102 7 7 2744
041 111 83 7 7 1869
041 30 18 7 7 2038
041 30 10 7 7 2013
041 111 63 6 6 1558
041 111 86 6 6 1360
041 111 84 7 7 3650
041 101 52 7 7 2188
041 30 22 7 7 2794
041 101 51 7 6 2140
041 30 25 7 7 4291
041 101 56 7 7 2898
041 30 16 7 6 2514
041 101 54 7 7 2036
041 111 108 7 7 2328
041 111 77 7 7 2953
041 111 72 7 6 4042
041 101 50 7 7 2337
041 111 105 6 6 5582
041 101 49 7 7 2063
041 30 8 6 6 4912
041 30 9 6 6 5072
041 111 88 7 7 4860
041 111 65 7 7 6793
041 111 64 7 7 1860
041 30 23 7 7 2927
041 101 47 6 6 2908
041 111 80 6 6 3034
041 111 87 6 6 1783
041 111 67 6 6 3534
041 111 94 7 7 4901
041 111 79 6 6 2531
041 30 1 6 6 2918
041 30 35 6 6 3833
041 111 101 7 7 2391
041 101 43 6 6 4210
041 101 57 7 7 1612
041 30 29 6 6 1780
041 111 92 6 6 4527
041 111 69 6 6 2109
041 30 34 6 6 4465
041 30 21 7 7 3343
041 111 85 6 6 1800
041 30 31 6 6 3036
041 101 58 7 7 1958
041 30 33 6 6 2562
041 101 37 6 6 6301
041 111 95 7 7 2481
041 30 3 6 6 4941
041 111 104 6 6 2038
041 101 38 6 7 2189
041 30 20 7 7 3962
041 111 90 7 7 1753
041 30 26 7 7 2460
041 30 24 7 6 7151
041 101 59 7 7 1629
041 111 96 7 7 2712
041 30 13 7 7 2337
041 111 82 7 7 3118
041 101 44 6 6 2406
041 30 36 6 6 3390
041 111 78 7 7 2615
041 111 91 6 6 3685
041 101 45 6 6 3075
041 30 11 7 7 2645
041 111 98 6 6 2112
041 111 103 6 6 2097
041 111 74 6 6 4829
041 30 27 7 7 3254
041 111 62 6 6 3230
041 111 99 6 6 2373
041 111 61 6 6 1909
041 111 70 7 7 1558
041 111 81 6 6 3468
041 111 100 7 7 2304
041 111 73 6 7 3132
041 111 93 6 6 2832
041 30 7 6 6 2823
041 30 14 7 7 4650
041 111 107 7 7 1829
041 101 48 6 7 1829
042 1 1 6 7 4720
042 1 1 7 7 2569
042 1 1 7 7 3513
042 111 95 7 7 3068
042 101 37 6 6 2771
042 30 34 6 6 2910
042 30 11 7 7 2924
042 111 100 7 7 5340
042 30 23 7 7 2351
042 30 28 6 6 2874
042 30 8 6 6 2397
042 111 91 6 6 1917
042 30 27 7 7 5735
042 111 81 6 6 1869
042 111 99 6 6 2672
042 111 80 6 6 2431
042 111 79 6 6 2663
042 30 20 7 6 5177
042 30 17 7 7 3136
042 101 60 7 7 3536
042 30 4 6 6 2625
042 30 14 7 7 2466
042 111 97 6 6 3076
042 111 67 6 6 4943
042 30 19 7 7 2617
042 30 3 6 6 3746
042 30 35 6 6 5711
042 111 82 7 6 4555
042 111 64 7 7 1731
042 101 42 6 6 2191
042 111 94 7 7 2946
042 111 98 6 6 2617
042 30 32 6 6 4203
042 101 55 7 7 1939
042 111 63 6 6 3884
042 101 39 6 6 2676
042 30 25 7 7 3097
042 30 9 6 6 3066
042 111 87 6 6 2223
042 111 90 7 7 1625
042 30 26 7 7 2749
042 30 15 7 7 2574
042 111 77 7 7 1949
042 101 38 6 7 2328
042 111 86 6 6 1912
042 101 52 7 7 2733
042 111 72 7 7 2179
042 111 71 7 6 3130
042 111 107 7 7 1852
042 30 22 7 6 3349
042 111 75 6 6 2072
042 30 33 6 6 3331
042 30 2 6 6 2452
042 111 69 6 7 3832
042 30 31 6 6 3821
042 111 70 7 7 1729
042 111 66 7 6 5214
042 111 76 7 7 2321
042 30 6 6 6 2417
042 111 84 7 7 1666
042 111 61 6 6 1882
042 111 83 7 7 2030
042 101 50 7 7 2990
042 101 56 7 7 2870
042 30 18 7 7 2008
042 101 43 6 6 2638
042 30 21 7 7 4444
042 111 92 6 7 3844
042 30 16 7 7 1564
042 111 108 7 7 1606
042 111 62 6 6 1713
042 101 59 7 7 3026
042 101 51 7 7 3849
042 101 46 6 7 8998
042 111 73 6 7 2620
042 30 1 6 6 2692
042 111 101 7 7 2173
042 101 54 7 7 3615
042 101 40 6 6 1648
042 30 10 7 7 1656
042 111 88 7 7 2112
042 30 7 6 6 2003
042 111 103 6 6 2236
042 111 89 7 7 2850
042 101 47 6 6 3219
042 30 13 7 7 1978
042 30 36 6 6 2680
042 30 5 6 6 2316
042 101 53 7 7 3246
042 111 85 6 6 1798
042 30 30 6 6 2673
042 111 68 6 6 2203
042 101 45 6 6 1946
042 101 48 6 6 1778
042 30 29 6 6 1735
042 30 24 7 7 3055
042 101 58 7 7 1322
042 101 49 7 7 2092
042 101 41 6 6 1641
042 111 102 7 7 2313
042 111 78 7 7 1997
042 111 74 6 7 2984
042 101 44 6 6 2491
042 111 96 7 7 3133
042 111 105 6 6 2704
042 111 106 7 6 4120
042 101 57 7 7 1657
042 111 93 6 6 1858
042 111 104 6 6 2216
042 111 65 7 7 4435
042 30 12 7 6 2243
006-RR 1 1 6 6 2370
006-RR 1 1 7 7 2170
006-RR 1 1 7 7 2986
006-RR 101 57 7 7 1747
006-RR 30 20 7 6 6990
006-RR 101 54 7 7 3250
006-RR 30 36 6 6 3259
006-RR 101 59 7 7 3602
006-RR 111 101 7 7 5713
006-RR 111 96 7 7 1897
006-RR 111 92 6 6 6040
006-RR 30 27 7 7 3379
006-RR 111 88 7 7 2571
006-RR 30 2 6 6 2256
006-RR 30 7 6 6 9246
006-RR 30 5 6 6 2377
006-RR 101 39 6 6 1727
006-RR 111 102 7 7 1804
006-RR 101 53 7 7 2914
006-RR 111 63 6 6 5398
006-RR 30 17 7 7 5064
006-RR 111 61 6 6 2610
006-RR 111 100 7 7 2002
006-RR 30 25 7 7 2239
006-RR 101 55 7 7 2108
006-RR 111 87 6 6 2048
006-RR 111 104 6 6 4275
006-RR 111 76 7 6 5965
006-RR 101 60 7 7 2682
006-RR 111 64 7 7 1472
006-RR 101 42 6 6 1815
006-RR 111 85 6 6 1893
006-RR 101 51 7 7 2432
006-RR 30 10 7 7 7531
006-RR 111 99 6 6 2871
006-RR 111 106 7 7 1696
006-RR 30 14 7 7 2132
006-RR 101 41 6 6 1854
006-RR 30 18 7 7 1512
006-RR 101 38 6 7 5764
006-RR 101 50 7 7 5288
006-RR 101 56 7 7 2209
006-RR 30 11 7 7 2290
006-RR 101 58 7 7 2511
006-RR 30 30 6 6 8787
006-RR 101 40 6 6 1973
006-RR 30 35 6 6 2500
006-RR 111 72 7 7 1820
006-RR 111 103 6 6 5605
006-RR 111 78 7 7 3247
006-RR 101 48 6 6 1547
006-RR 30 21 7 7 4719
006-RR 30 8 6 6 2261
006-RR 30 33 6 6 2851
006-RR 111 79 6 6 1915
006-RR 30 28 6 6 4617
006-RR 30 13 7 7 1855
006-RR 111 81 6 6 2389
006-RR 101 37 6 6 1842
006-RR 30 34 6 6 2522
006-RR 111 94 7 7 4532
006-RR 111 108 7 7 1753
006-RR 111 66 7 7 2714
006-RR 111 69 6 6 1977
006-RR 30 26 7 7 2035
006-RR 101 46 6 6 2211
006-RR 111 71 7 7 1918
006-RR 111 98 6 6 2222
006-RR 111 70 7 7 1891
006-RR 111 97 6 7 2690
006-RR 30 1 6 6 3753
006-RR 30 12 7 6 8291
006-RR 30 4 6 6 3574
006-RR 101 52 7 7 3316
006-RR 111 90 7 7 1610
006-RR 30 6 6 6 2801
006-RR 111 82 7 7 2065
006-RR 30 24 7 6 6516
006-RR 111 67 6 6 11514
006-RR 111 89 7 7 1698
006-RR 111 93 6 6 3977
006-RR 111 65 7 7 4770
006-RR 111 86 6 6 2028
006-RR 111 68 6 6 2557
006-RR 111 73 6 6 7725
006-RR 101 45 6 6 5928
006-RR 111 62 6 6 3045
006-RR 101 44 6 6 5024
006-RR 30 3 6 6 3002
006-RR 30 32 6 6 2782
006-RR 111 107 7 7 4698
006-RR 111 77 7 7 1756
006-RR 111 95 7 7 2016
006-RR 30 23 7 7 2894
006-RR 101 49 7 7 2083
006-RR 101 43 6 6 2092
006-RR 101 47 6 6 4261
006-RR 111 75 6 6 2184
006-RR 30 19 7 7 2295
006-RR 111 83 7 6 1754
006-RR 30 15 7 7 3899
006-RR 30 9 6 6 3399
006-RR 30 31 6 6 3085
006-RR 30 29 6 6 1803
006-RR 111 80 6 6 3303
006-RR 111 91 6 6 2940
006-RR 111 84 7 7 1990
006-RR 30 22 7 7 5403
006-RR 111 74 6 6 2572
006-RR 30 16 7 7 1399
006-RR 111 105 6 6 3656
014-RR 1 1 6 7 4951
014-RR 1 1 7 7 2036
014-RR 1 1 7 7 2334
014-RR 111 90 7 7 1833
014-RR 111 86 6 7 2288
014-RR 30 8 6 7 8480
014-RR 111 92 6 6 2609
014-RR 30 31 6 6 2929
014-RR 30 32 6 6 3156
014-RR 30 10 7 7 2536
014-RR 111 88 7 7 7861
014-RR 101 43 6 6 4449
014-RR 30 33 6 6 3218
014-RR 111 70 7 7 2351
014-RR 111 96 7 7 2375
014-RR 30 27 7 7 3680
014-RR 111 99 6 6 3378
014-RR 101 52 7 7 4166
014-RR 111 106 7 7 5347
014-RR 111 72 7 7 5393
014-RR 101 60 7 7 3322
014-RR 30 13 7 7 2104
014-RR 30 4 6 6 2968
014-RR 101 37 6 6 6536
014-RR 30 2 6 6 1641
014-RR 30 26 7 7 2111
014-RR 111 84 7 7 1942
014-RR 111 78 7 7 3029
014-RR 111 68 6 6 1892
014-RR 101 54 7 6 1504
014-RR 111 89 7 7 6458
014-RR 111 100 7 7 3024
014-RR 30 36 6 6 2392
014-RR 101 59 7 7 1737
014-RR 111 83 7 7 3764
014-RR 30 1 6 6 2757
014-RR 111 108 7 7 1680
014-RR 111 77 7 7 1771
014-RR 30 15 7 7 2035
014-RR 101 46 6 6 1928
014-RR 30 23 7 7 3481
014-RR 30 7 6 6 3043
014-RR 111 97 6 7 1850
014-RR 101 49 7 7 2116
014-RR 111 71 7 7 3020
014-RR 101 41 6 7 2406
014-RR 111 66 7 7 2232
014-RR 30 6 6 6 5536
014-RR 30 24 7 7 2866
014-RR 111 80 6 6 2917
014-RR 111 87 6 6 1760
014-RR 101 38 6 6 6682
014-RR 101 45 6 7 2916
014-RR 30 12 7 7 9052
014-RR 111 76 7 7 3917
014-RR 101 53 7 7 3761
014-RR 101 44 6 7 6339
014-RR 111 69 6 6 2725
014-RR 101 40 6 6 1445
014-RR 30 28 6 6 3477
014-RR 111 102 7 7 2508
014-RR 111 62 6 6 1840
014-RR 30 34 6 6 3473
014-RR 30 20 7 7 8381
014-RR 111 94 7 6 3277
014-RR 111 85 6 6 2649
014-RR 111 65 7 6 3883
014-RR 101 42 6 6 1934
014-RR 111 61 6 6 1402
014-RR 30 29 6 6 2487
014-RR 30 3 6 7 3860
014-RR 111 107 7 7 2215
014-RR 101 48 6 6 7024
014-RR 30 14 7 7 4535
014-RR 111 98 6 6 1764
014-RR 101 51 7 7 1890
014-RR 111 93 6 6 2682
014-RR 111 81 6 6 2169
014-RR 111 75 6 6 2029
014-RR 111 79 6 6 2146
014-RR 30 16 7 7 2789
014-RR 111 82 7 7 2603
014-RR 111 73 6 7 1723
014-RR 30 30 6 7 4920
014-RR 30 9 6 6 2578
014-RR 111 91 6 6 2933
014-RR 101 47 6 6 2270
014-RR 111 95 7 7 1928
014-RR 111 64 7 7 1486
014-RR 101 50 7 7 3011
014-RR 111 101 7 7 1967
014-RR 30 35 6 7 6138
014-RR 101 39 6 6 1804
014-RR 30 11 7 7 2025
014-RR 111 63 6 6 1731
014-RR 30 19 7 7 2565
014-RR 30 18 7 7 2263
014-RR 101 58 7 7 1794
014-RR 101 55 7 7 1970
014-RR 111 103 6 6 1607
014-RR 30 25 7 7 9794
014-RR 30 22 7 7 2759
014-RR 101 56 7 7 1999
014-RR 111 67 6 7 3943
014-RR 111 74 6 6 2913
014-RR 111 104 6 6 2432
014-RR 30 5 6 6 3297
014-RR 30 21 7 7 4222
014-RR 101 57 7 7 2258
014-RR 111 105 6 6 3568
014-RR 30 17 7 7 2394
017-RR 1 1 6 6 3532
017-RR 1 1 7 7 2480
017-RR 1 1 7 7 2940
017-RR 30 27 7 7 3789
017-RR 30 23 7 7 2651
017-RR 101 46 6 6 3619
017-RR 111 100 7 7 3268
017-RR 101 52 7 7 2671
017-RR 111 61 6 6 2961
017-RR 111 79 6 6 2811
017-RR 111 93 6 6 4913
017-RR 111 89 7 7 3194
017-RR 30 7 6 6 4017
017-RR 101 44 6 6 3694
017-RR 30 35 6 6 2483
017-RR 30 32 6 6 4187
017-RR 111 74 6 7 4561
017-RR 111 99 6 6 1926
017-RR 111 84 7 7 5347
017-RR 101 50 7 7 3854
017-RR 111 76 7 7 1909
017-RR 101 57 7 7 1575
017-RR 30 4 6 6 7300
017-RR 111 94 7 7 5215
017-RR 111 67 6 6 3343
017-RR 30 20 7 6 3583
017-RR 30 21 7 7 2884
017-RR 30 22 7 7 2319
017-RR 30 24 7 7 3177
017-RR 111 70 7 7 1978
017-RR 30 14 7 7 2993
017-RR 101 42 6 6 2351
017-RR 111 95 7 7 1931
017-RR 30 17 7 7 2357
017-RR 111 75 6 6 2051
017-RR 30 1 6 6 3321
017-RR 101 56 7 7 2012
017-RR 101 48 6 6 5271
017-RR 30 9 6 6 3220
017-RR 30 34 6 6 3368
017-RR 111 66 7 7 4002
017-RR 30 12 7 6 3232
017-RR 111 63 6 6 2453
017-RR 101 41 6 6 2276
017-RR 101 40 6 6 1830
017-RR 111 86 6 6 1457
017-RR 101 49 7 7 1963
017-RR 30 30 6 6 2416
017-RR 111 87 6 6 2333
017-RR 111 106 7 7 2868
017-RR 111 83 7 7 2002
017-RR 111 64 7 7 1696
017-RR 30 36 6 6 2717
017-RR 30 8 6 6 2842
017-RR 111 101 7 7 1711
017-RR 111 108 7 7 4322
017-RR 111 73 6 7 2149
017-RR 30 18 7 7 2292
017-RR 30 25 7 7 4000
017-RR 111 105 6 6 2827
017-RR 30 29 6 6 1923
017-RR 30 3 6 6 3843
017-RR 111 82 7 7 1642
017-RR 111 90 7 7 1575
017-RR 30 31 6 6 3243
017-RR 101 60 7 7 2490
017-RR 111 92 6 6 2106
017-RR 111 85 6 6 1809
017-RR 30 28 6 7 2136
017-RR 30 6 6 6 2511
017-RR 101 45 6 6 1611
017-RR 111 81 6 6 5608
017-RR 101 53 7 7 2172
017-RR 30 10 7 7 1904
017-RR 101 39 6 6 1416
017-RR 101 37 6 6 1638
017-RR 111 107 7 7 1776
017-RR 30 16 7 6 2639
017-RR 30 13 7 7 2317
017-RR 111 65 7 7 3315
017-RR 111 104 6 6 2181
017-RR 101 59 7 7 2350
017-RR 30 19 7 7 3176
017-RR 111 78 7 6 3946
017-RR 111 71 7 7 5694
017-RR 30 26 7 7 1938
017-RR 30 33 6 7 2104
017-RR 30 2 6 6 1521
017-RR 101 43 6 6 2024
017-RR 111 97 6 7 2636
017-RR 111 91 6 6 3569
017-RR 101 51 7 7 3065
017-RR 111 80 6 6 2524
017-RR 101 47 6 6 3476
017-RR 111 62 6 6 1548
017-RR 111 77 7 7 1619
017-RR 30 11 7 6 2598
017-RR 111 72 7 6 3167
017-RR 30 15 7 7 2062
017-RR 111 68 6 6 3689
017-RR 101 55 7 7 1746
017-RR 101 54 7 7 3347
017-RR 111 98 6 6 2378
017-RR 101 38 6 7 2312
017-RR 101 58 7 7 2331
017-RR 30 5 6 6 2337
017-RR 111 103 6 6 3272
017-RR 111 88 7 7 2094
017-RR 111 96 7 6 2421
017-RR 111 69 6 6 2170
017-RR 111 102 7 7 2295
031-RR 1 1 6 6 3254
031-RR 1 1 7 7 2552
031-RR 1 1 7 7 2355
031-RR 30 8 6 6 3173
031-RR 111 78 7 7 2853
031-RR 111 99 6 7 2831
031-RR 30 18 7 7 2279
031-RR 111 85 6 6 1810
031-RR 30 26 7 7 2498
031-RR 111 82 7 6 3041
031-RR 111 81 6 6 2390
031-RR 30 34 6 6 6101
031-RR 30 5 6 6 3307
031-RR 111 79 6 6 2616
031-RR 111 97 6 7 2183
031-RR 30 14 7 7 3072
031-RR 111 67 6 6 3059
031-RR 30 32 6 6 3905
031-RR 111 96 7 7 2992
031-RR 111 92 6 6 2522
031-RR 30 13 7 7 1855
031-RR 30 9 6 6 4261
031-RR 111 98 6 6 2477
031-RR 30 29 6 6 2139
031-RR 101 39 6 6 1857
031-RR 111 88 7 7 2088
031-RR 111 64 7 7 1764
031-RR 30 11 7 6 2078
031-RR 101 48 6 6 1706
031-RR 101 54 7 7 3553
031-RR 111 77 7 7 1780
031-RR 111 84 7 7 2535
031-RR 30 16 7 7 2067
031-RR 30 31 6 6 3791
031-RR 30 30 6 6 3446
031-RR 101 43 6 6 2211
031-RR 30 25 7 7 2961
031-RR 101 58 7 7 2501
031-RR 111 75 6 6 1752
031-RR 111 62 6 6 2012
031-RR 111 76 7 7 4911
031-RR 111 70 7 7 1767
031-RR 111 103 6 6 1815
031-RR 30 15 7 7 2104
031-RR 30 35 6 6 2112
031-RR 30 23 7 7 1968
031-RR 101 55 7 7 3476
031-RR 111 63 6 6 2107
031-RR 101 50 7 7 2411
031-RR 30 17 7 7 1860
031-RR 101 60 7 6 1921
031-RR 111 102 7 7 2061
031-RR 30 27 7 7 2847
031-RR 101 37 6 6 2363
031-RR 111 105 6 7 7605
031-RR 30 28 6 6 2353
031-RR 30 10 7 6 2242
031-RR 111 71 7 6 2529
031-RR 30 22 7 7 3020
031-RR 101 52 7 7 1931
031-RR 101 47 6 6 4126
031-RR 111 101 7 7 3359
031-RR 30 7 6 6 2636
031-RR 111 104 6 6 1748
031-RR 111 107 7 7 1993
031-RR 101 41 6 6 1557
031-RR 111 68 6 6 2245
031-RR 111 100 7 7 2229
031-RR 101 57 7 7 1480
031-RR 30 3 6 6 1783
031-RR 101 42 6 6 1999
031-RR 30 4 6 6 2556
031-RR 30 33 6 7 3751
031-RR 101 44 6 6 2060
031-RR 30 1 6 6 2925
031-RR 30 12 7 6 4773
031-RR 30 19 7 7 2031
031-RR 30 2 6 6 1824
031-RR 111 83 7 7 2188
031-RR 111 95 7 7 2131
031-RR 101 53 7 7 2379
031-RR 111 106 7 7 2844
031-RR 111 69 6 6 2338
031-RR 111 80 6 6 2063
031-RR 30 21 7 7 3390
031-RR 111 94 7 7 2171
031-RR 111 90 7 7 1840
031-RR 111 66 7 7 1819
031-RR 101 38 6 6 2735
031-RR 111 74 6 6 2370
031-RR 111 61 6 6 2169
031-RR 101 51 7 7 2986
031-RR 111 86 6 6 1709
031-RR 101 49 7 7 2164
031-RR 101 59 7 7 1439
031-RR 111 89 7 7 2062
031-RR 111 87 6 6 1945
031-RR 111 72 7 7 2382
031-RR 30 24 7 7 2517
031-RR 30 6 6 6 2133
031-RR 30 20 7 6 3969
031-RR 101 45 6 6 2266
031-RR 111 65 7 7 2805
031-RR 111 91 6 6 2375
031-RR 111 93 6 6 2009
031-RR 101 56 7 7 4061
031-RR 30 36 6 6 3652
031-RR 111 108 7 7 1933
031-RR 101 40 6 6 1453
031-RR 101 46 6 6 4309
031-RR 111 73 6 6 2318
