001 1 1 6 6 3580
001 1 1 7 7 2049
001 1 1 7 7 3668
001 101 42 6 6 2655
001 111 101 7 7 3970
001 30 35 6 6 4235
001 101 39 6 6 2005
001 111 104 6 6 3704
001 30 36 6 7 3024
001 30 21 7 6 6777
001 111 69 6 6 6736
001 101 53 7 7 3167
001 101 47 6 6 3519
001 30 8 6 6 2514
001 101 58 7 7 2267
001 111 76 7 7 3397
001 111 77 7 7 3045
001 111 63 6 6 2577
001 101 44 6 6 2629
001 30 14 7 7 4425
001 30 7 6 6 5173
001 111 105 6 6 4807
001 111 64 7 7 2610
001 30 18 7 6 4716
001 111 68 6 6 2661
001 101 41 6 6 2597
001 111 86 6 6 3324
001 111 89 7 7 2459
001 101 49 7 7 3504
001 30 19 7 7 9043
001 111 81 6 6 2426
001 111 75 6 6 1744
001 101 45 6 6 1867
001 30 22 7 7 4294
001 111 66 7 7 3439
001 111 99 6 6 3169
001 30 30 6 6 3635
001 30 12 7 7 3239
001 30 6 6 6 4222
001 111 80 6 6 3890
001 111 71 7 7 2224
001 111 88 7 7 3332
001 101 37 6 6 2147
001 111 87 6 6 1825
001 111 102 7 7 5055
001 30 27 7 7 2754
001 111 73 6 7 6321
001 111 78 7 6 3479
001 111 96 7 7 4691
001 111 106 7 7 2490
001 101 46 6 6 2765
001 111 93 6 6 1899
001 111 65 7 6 4030
001 30 25 7 7 2231
001 111 95 7 7 2969
001 111 70 7 7 1806
001 101 43 6 6 3063
001 30 15 7 7 3162
001 101 51 7 6 4012
001 30 32 6 6 4634
001 111 74 6 6 4682
001 101 56 7 7 2986
001 30 13 7 7 2488
001 30 29 6 6 5260
001 101 48 6 6 2043
001 30 9 6 6 4259
001 111 85 6 6 2433
001 111 79 6 6 2525
001 101 60 7 7 3234
001 101 52 7 7 2265
001 101 38 6 6 5948
001 30 17 7 6 5707
001 111 92 6 6 3411
001 101 55 7 7 2466
001 111 98 6 6 5158
001 111 97 6 7 2749
001 111 82 7 7 2616
001 111 91 6 6 2946
001 30 34 6 6 3083
001 30 23 7 7 3920
001 30 28 6 6 4871
001 30 26 7 7 2309
001 111 61 6 6 2443
001 30 2 6 6 1997
001 111 107 7 7 2731
001 111 83 7 7 4588
001 101 50 7 7 7001
001 30 16 7 7 2688
001 111 103 6 6 2681
001 101 54 7 7 1994
001 101 40 6 6 1519
001 30 31 6 7 7185
001 30 24 7 6 3009
001 111 108 7 7 2543
001 30 33 6 7 6504
001 30 4 6 6 1762
001 30 11 7 6 4899
001 111 72 7 6 3684
001 30 10 7 6 8869
001 30 3 6 6 3725
001 101 59 7 7 2335
001 111 100 7 7 4264
001 30 5 6 6 2848
001 111 84 7 7 3576
001 111 94 7 7 2620
001 111 62 6 6 2216
001 30 1 6 7 5480
001 111 90 7 7 1981
001 101 57 7 7 2174
001 30 20 7 7 3204
001 111 67 6 7 3852
002 1 1 6 6 2434
002 1 1 7 7 1792
002 1 1 7 7 2578
002 111 100 7 7 3674
002 30 31 6 6 2647
002 111 64 7 7 2077
002 101 45 6 6 1429
002 101 41 6 6 1457
002 30 6 6 7 4335
002 30 25 7 7 3156
002 30 27 7 6 4265
002 111 67 6 7 2409
002 30 35 6 6 4410
002 101 53 7 6 5349
002 111 97 6 7 2282
002 30 10 7 7 3233
002 111 85 6 6 2288
002 111 108 7 7 1826
002 111 78 7 6 4451
002 30 13 7 7 1863
002 111 106 7 7 2007
002 30 17 7 7 6739
002 30 12 7 7 1959
002 111 102 7 7 2529
002 111 63 6 7 6235
002 111 65 7 6 2968
002 30 5 6 6 5445
002 101 58 7 7 3651
002 111 74 6 6 2504
002 111 86 6 6 2831
002 30 9 6 6 6024
002 101 46 6 6 2013
002 101 50 7 7 2791
002 111 95 7 7 2178
002 30 30 6 6 4875
002 111 98 6 6 2529
002 111 87 6 6 1476
002 101 40 6 6 1395
002 111 72 7 7 1573
002 30 19 7 7 3898
002 30 20 7 7 6079
002 111 101 7 7 2268
002 111 75 6 6 2042
002 111 90 7 7 1531
002 30 32 6 6 5105
002 101 48 6 6 1872
002 30 8 6 6 1903
002 30 4 6 6 2450
002 111 73 6 6 4200
002 30 34 6 6 4562
002 111 92 6 6 2115
002 111 62 6 6 2442
002 30 29 6 6 3888
002 30 28 6 6 5602
002 111 94 7 7 2980
002 111 89 7 7 1478
002 111 105 6 6 8838
002 111 61 6 6 3040
002 111 81 6 6 2453
002 30 14 7 7 2826
002 30 33 6 6 8765
002 30 7 6 6 2322
002 101 54 7 7 3057
002 101 49 7 6 4766
002 111 93 6 6 2063
002 101 39 6 6 1788
002 101 43 6 6 4586
002 101 38 6 7 4732
002 30 16 7 7 2683
002 101 37 6 6 1612
002 30 22 7 7 5562
002 101 57 7 7 1759
002 111 68 6 6 4971
002 101 52 7 6 2582
002 30 23 7 7 6241
002 111 88 7 7 9827
002 111 84 7 7 3284
002 101 55 7 7 2176
002 30 2 6 6 2169
002 111 96 7 6 2736
002 30 24 7 7 4233
002 101 60 7 7 2737
002 111 83 7 7 2497
002 30 1 6 7 4782
002 111 69 6 6 4854
002 111 76 7 7 5241
002 111 82 7 7 2513
002 30 21 7 7 8228
002 101 59 7 7 1777
002 101 47 6 6 3143
002 30 26 7 7 1866
002 111 70 7 7 2096
002 111 66 7 7 7971
002 30 36 6 6 4200
002 30 3 6 6 2255
002 111 104 6 6 4876
002 111 91 6 6 3199
002 30 18 7 6 4454
002 101 44 6 6 1535
002 111 103 6 6 1747
002 101 56 7 7 1834
002 101 51 7 6 1772
002 111 80 6 6 2480
002 111 79 6 6 2718
002 111 71 7 7 2805
002 111 99 6 7 1674
002 30 11 7 6 3484
002 101 42 6 6 1471
002 30 15 7 7 4917
002 111 107 7 7 2253
002 111 77 7 7 2652
003 1 1 6 6 2981
003 1 1 7 7 2965
003 1 1 7 7 3824
003 30 6 6 7 5678
003 111 79 6 6 3220
003 111 76 7 7 4095
003 111 90 7 7 4905
003 30 35 6 6 5259
003 111 106 7 7 3032
003 30 12 7 7 4623
003 30 30 6 6 4597
003 111 82 7 7 3786
003 111 61 6 6 2916
003 101 48 6 6 3587
003 111 85 6 6 2848
003 111 80 6 6 3547
003 30 33 6 6 6327
003 30 7 6 7 6503
003 101 39 6 6 3210
003 111 96 7 7 4114
003 111 72 7 7 2631
003 111 95 7 7 3316
003 111 69 6 6 3267
003 111 107 7 6 3639
003 30 27 7 6 8317
003 30 21 7 7 5285
003 30 8 6 6 3159
003 30 16 7 7 4359
003 101 56 7 7 3662
003 111 100 7 6 6335
003 101 38 6 7 3933
003 101 45 6 6 2965
003 111 108 7 7 2603
003 30 15 7 7 5725
003 111 77 7 7 4673
003 101 42 6 6 3100
003 101 37 6 6 3254
003 30 25 7 7 3213
003 30 4 6 6 3884
003 30 3 6 6 3357
003 30 19 7 7 5116
003 101 55 7 7 3147
003 111 71 7 7 2731
003 111 63 6 6 2438
003 111 91 6 6 4285
003 101 52 7 7 2493
003 30 5 6 6 3573
003 111 70 7 7 2491
003 101 40 6 6 2205
003 101 53 7 7 3108
003 30 17 7 7 5716
003 30 9 6 6 5296
003 30 11 7 6 8430
003 101 44 6 6 4752
003 111 66 7 7 2738
003 30 10 7 7 6091
003 111 92 6 6 2333
003 101 50 7 6 6172
003 101 46 6 6 2282
003 30 13 7 7 2158
003 30 20 7 7 2912
003 30 14 7 7 3468
003 111 103 6 6 2764
003 30 32 6 6 3947
003 111 93 6 6 1636
003 111 74 6 6 3549
003 30 18 7 6 4723
003 111 98 6 6 3413
003 30 24 7 6 3582
003 111 62 6 6 2207
003 101 49 7 7 2375
003 30 1 6 7 8144
003 30 34 6 6 6289
003 101 41 6 6 2252
003 30 2 6 6 3157
003 111 86 6 6 2756
003 101 60 7 7 3807
003 101 54 7 7 3114
003 111 75 6 6 2584
003 101 43 6 6 4304
003 30 29 6 6 2934
003 111 99 6 7 2330
003 111 94 7 6 4200
003 111 83 7 7 4801
003 30 31 6 6 4026
003 101 57 7 7 2043
003 111 73 6 6 4526
003 30 36 6 6 3051
003 111 101 7 7 3850
003 101 51 7 6 3340
003 30 23 7 7 3832
003 30 26 7 7 2267
003 111 78 7 7 2766
003 111 68 6 6 3021
003 111 65 7 6 4323
003 30 22 7 7 3153
003 111 64 7 7 2739
003 101 58 7 7 1885
003 111 102 7 7 2607
003 111 89 7 7 1980
003 111 97 6 7 3775
003 30 28 6 6 4360
003 111 105 6 6 2908
003 111 87 6 6 2233
003 111 104 6 6 4859
003 111 88 7 7 3141
003 101 59 7 7 2160
003 111 84 7 7 2680
003 111 67 6 6 6370
003 101 47 6 6 2434
003 111 81 6 6 2073
004 1 1 6 7 2931
004 1 1 7 7 1480
004 1 1 7 7 4187
004 111 100 7 7 4668
004 101 49 7 7 3435
004 111 104 6 6 3199
004 30 16 7 7 2121
004 111 81 6 6 1743
004 111 105 6 6 3008
004 101 39 6 6 1789
004 111 97 6 7 2463
004 101 55 7 6 2124
004 101 52 7 6 1979
004 111 61 6 6 1617
004 111 76 7 7 2018
004 111 73 6 7 2584
004 111 94 7 7 4233
004 111 83 7 7 1989
004 111 67 6 7 2001
004 30 10 7 6 6231
004 101 59 7 7 3476
004 30 14 7 7 2461
004 111 64 7 7 1804
004 101 58 7 7 2460
004 30 32 6 6 3965
004 111 108 7 7 2068
004 30 30 6 6 4011
004 111 89 7 7 1536
004 111 103 6 6 6434
004 30 21 7 6 4799
004 30 1 6 6 4492
004 101 51 7 6 1895
004 111 91 6 6 2161
004 111 101 7 7 3323
004 30 23 7 7 2777
004 30 7 6 6 2819
004 30 19 7 6 3375
004 30 12 7 7 2108
004 30 11 7 6 3077
004 101 56 7 7 2062
004 111 65 7 6 2496
004 111 78 7 7 4577
004 101 57 7 7 4358
004 111 70 7 7 1673
004 111 86 6 6 2182
004 101 54 7 7 2274
004 111 93 6 6 2147
004 30 3 6 7 3289
004 30 6 6 6 5696
004 111 84 7 7 2032
004 30 18 7 7 3483
004 111 85 6 6 1435
004 111 71 7 7 1498
004 30 26 7 7 1729
004 111 72 7 7 1374
004 111 92 6 6 1783
004 30 5 6 6 5094
004 101 45 6 6 1724
004 30 33 6 6 7610
004 111 87 6 6 1658
004 30 28 6 7 3467
004 30 4 6 7 2362
004 30 8 6 6 2423
004 101 46 6 6 1626
004 101 50 7 6 3034
004 101 47 6 6 2082
004 101 43 6 7 2097
004 111 88 7 7 4979
004 111 62 6 6 1559
004 111 77 7 7 2480
004 101 53 7 7 1788
004 111 63 6 6 1792
004 30 25 7 7 1348
004 111 90 7 7 3067
004 101 44 6 7 2577
004 111 99 6 7 2814
004 101 38 6 7 3192
004 111 66 7 7 1348
004 111 74 6 6 3430
004 30 24 7 6 2588
004 101 40 6 6 2322
004 111 75 6 6 1917
004 30 34 6 7 1974
004 111 95 7 7 1823
004 101 42 6 6 1810
004 111 69 6 6 2394
004 30 31 6 6 2103
004 101 37 6 6 2919
004 30 13 7 7 1490
004 111 79 6 6 3152
004 111 82 7 7 5346
004 101 60 7 7 2154
004 30 9 6 7 2403
004 111 107 7 7 1870
004 101 41 6 7 1790
004 111 68 6 6 2174
004 111 98 6 6 5937
004 30 27 7 7 2149
004 30 20 7 6 2307
004 111 102 7 7 2011
004 101 48 6 7 2954
004 30 29 6 6 3457
004 30 36 6 7 3260
004 30 17 7 7 3714
004 30 22 7 7 4368
004 30 15 7 7 1909
004 30 2 6 6 1544
004 111 80 6 6 1993
004 111 96 7 7 3441
004 111 106 7 7 1925
004 30 35 6 6 4230
005 1 1 6 6 3344
005 1 1 7 7 2053
005 1 1 7 7 4681
005 111 94 7 7 4181
005 111 83 7 7 3027
005 30 9 6 7 5902
005 30 6 6 6 3987
005 111 78 7 7 3382
005 30 11 7 6 13457
005 30 1 6 7 7309
005 30 5 6 6 3503
005 111 81 6 6 1744
005 30 18 7 7 4431
005 111 63 6 6 2072
005 30 8 6 6 3735
005 111 100 7 7 10796
005 30 15 7 7 3316
005 30 3 6 6 3792
005 101 48 6 6 3329
005 111 106 7 7 2573
005 111 89 7 7 2081
005 30 29 6 6 2425
005 111 75 6 6 2659
005 111 87 6 6 1641
005 111 98 6 6 3369
005 111 84 7 7 2701
005 111 97 6 6 3852
005 101 40 6 7 4830
005 111 70 7 7 2468
005 30 23 7 7 2970
005 30 22 7 7 3297
005 111 85 6 6 2092
005 101 49 7 6 1804
005 30 16 7 7 4351
005 111 105 6 7 8969
005 111 73 6 7 4187
005 111 69 6 6 3394
005 111 64 7 7 2649
005 30 25 7 7 2555
005 111 96 7 7 3480
005 30 33 6 7 6414
005 30 31 6 6 3680
005 101 44 6 6 2758
005 30 14 7 7 2493
005 30 28 6 6 3612
005 30 10 7 6 7518
005 101 37 6 6 1775
005 111 95 7 7 2687
005 111 90 7 7 1348
005 111 79 6 6 2022
005 111 92 6 7 2599
005 101 38 6 7 2072
005 111 86 6 6 3217
005 111 65 7 6 4507
005 30 12 7 7 2036
005 111 74 6 6 7126
005 101 58 7 7 2130
005 101 50 7 7 3355
005 30 13 7 7 1909
005 101 53 7 6 2998
005 111 103 6 6 2405
005 30 21 7 7 2718
005 111 99 6 6 1994
005 101 45 6 6 1728
005 111 82 7 7 3335
005 30 36 6 6 4358
005 30 17 7 7 4657
005 111 76 7 7 2570
005 101 57 7 7 2130
005 101 52 7 7 2842
005 111 108 7 7 2961
005 101 54 7 7 4858
005 111 62 6 6 1927
005 30 34 6 6 4317
005 30 30 6 6 3032
005 101 56 7 7 2584
005 111 72 7 6 9526
005 101 51 7 6 3840
005 101 46 6 7 2059
005 101 59 7 7 1886
005 101 39 6 6 1949
005 111 107 7 7 2658
005 30 19 7 6 4928
005 111 102 7 7 2445
005 111 66 7 7 2198
005 111 61 6 7 2543
005 30 4 6 6 2334
005 111 88 7 7 5832
005 30 2 6 6 2862
005 101 42 6 6 1835
005 111 68 6 6 2308
005 111 80 6 6 2225
005 111 104 6 6 2218
005 30 7 6 6 4971
005 30 20 7 6 3311
005 111 77 7 7 2913
005 101 47 6 6 3213
005 111 71 7 7 2733
005 111 101 7 7 3963
005 101 41 6 6 1915
005 30 26 7 7 2357
005 111 91 6 6 3343
005 111 93 6 6 1681
005 101 55 7 7 4251
005 111 67 6 6 4059
005 30 35 6 6 2708
005 30 27 7 7 3438
005 30 24 7 7 3079
005 101 43 6 6 3265
005 101 60 7 6 1839
005 30 32 6 6 5772
006 1 1 6 6 3554
006 1 1 7 7 1695
006 1 1 7 7 5179
006 111 97 6 6 4221
006 30 25 7 7 3482
006 30 12 7 7 5208
006 111 68 6 6 2285
006 101 48 6 6 1668
006 111 62 6 6 3286
006 30 15 7 7 2494
006 111 65 7 6 3255
006 111 100 7 7 4723
006 111 106 7 7 2100
006 30 6 6 6 3327
006 111 69 6 6 3307
006 111 79 6 6 2217
006 111 101 7 7 4609
006 30 26 7 7 2360
006 101 52 7 6 5138
006 30 18 7 6 6215
006 30 29 6 6 1782
006 30 19 7 7 3398
006 101 42 6 6 1524
006 30 1 6 7 8203
006 101 59 7 7 1234
006 111 87 6 6 4995
006 111 94 7 7 3801
006 111 82 7 7 2887
006 101 41 6 6 1204
006 30 4 6 6 4656
006 101 54 7 7 6412
006 111 67 6 6 2470
006 101 46 6 6 3171
006 101 39 6 6 2731
006 111 91 6 6 2615
006 101 47 6 6 3401
006 30 11 7 6 5208
006 30 13 7 6 3058
006 111 108 7 7 3146
006 101 43 6 6 3082
006 101 56 7 7 3078
006 111 75 6 6 1942
006 30 10 7 7 6085
006 30 32 6 6 5887
006 111 107 7 7 2089
006 30 24 7 7 2842
006 101 40 6 6 1329
006 30 36 6 6 3427
006 30 2 6 6 2825
006 111 83 7 7 3350
006 30 8 6 6 1618
006 111 93 6 6 3911
006 111 84 7 7 2968
006 111 76 7 7 2790
006 30 20 7 7 2324
006 101 38 6 6 2087
006 111 99 6 7 2321
006 111 104 6 6 4036
006 111 88 7 7 3850
006 30 7 6 6 5349
006 101 49 7 6 2239
006 101 44 6 6 5591
006 111 78 7 7 2076
006 30 17 7 7 3236
006 111 80 6 6 1693
006 111 70 7 7 1512
006 30 34 6 6 2698
006 30 16 7 7 2657
006 111 66 7 7 1287
006 30 33 6 6 3497
006 101 60 7 6 1536
006 111 73 6 7 3454
006 111 61 6 7 2671
006 111 96 7 7 6314
006 111 63 6 6 1666
006 101 57 7 7 1433
006 30 27 7 6 3844
006 30 5 6 6 5936
006 101 50 7 6 5900
006 111 85 6 6 2121
006 30 14 7 7 3295
006 101 37 6 6 2529
006 111 98 6 6 3620
006 111 86 6 6 1852
006 30 3 6 6 2717
006 111 102 7 6 2070
006 30 30 6 6 4491
006 111 92 6 6 2115
006 111 64 7 7 2727
006 111 90 7 7 1340
006 111 95 7 7 2343
006 101 55 7 7 3613
006 111 71 7 7 1963
006 101 58 7 7 1942
006 30 35 6 6 3503
006 30 22 7 7 1908
006 101 53 7 6 4095
006 101 45 6 6 2451
006 111 105 6 6 3559
006 111 72 7 6 3182
006 111 74 6 6 4045
006 30 28 6 6 4881
006 111 103 6 6 2604
006 111 81 6 6 1756
006 30 9 6 6 5217
006 30 23 7 7 2298
006 30 31 6 6 2416
006 30 21 7 6 5040
006 111 89 7 7 1328
006 111 77 7 7 2592
006 101 51 7 6 3202
007 1 1 6 6 2620
007 1 1 7 7 2097
007 1 1 7 7 3917
007 111 80 6 6 3461
007 30 25 7 7 2280
007 111 73 6 7 4029
007 30 31 6 6 4400
007 30 23 7 7 3565
007 101 49 7 7 2790
007 30 11 7 7 6410
007 111 75 6 6 3828
007 30 3 6 6 3547
007 101 48 6 6 3285
007 30 7 6 6 2787
007 111 79 6 6 3719
007 101 55 7 7 2542
007 30 9 6 7 3875
007 30 36 6 7 2649
007 111 76 7 6 4930
007 30 12 7 7 3640
007 30 26 7 7 2658
007 111 90 7 7 1910
007 30 13 7 7 2099
007 111 87 6 6 1997
007 30 5 6 6 3659
007 111 102 7 7 6480
007 30 14 7 7 2873
007 111 70 7 7 1866
007 30 22 7 6 4115
007 101 40 6 6 2125
007 111 91 6 6 2672
007 111 108 7 7 2555
007 30 34 6 6 3548
007 111 98 6 6 3399
007 111 93 6 6 2059
007 30 4 6 7 2565
007 111 72 7 7 1552
007 111 77 7 7 2466
007 101 51 7 7 2646
007 111 105 6 6 3683
007 101 44 6 6 3865
007 111 96 7 6 5191
007 30 2 6 6 2561
007 111 63 6 6 2112
007 30 15 7 7 3196
007 111 85 6 6 2011
007 111 78 7 7 2965
007 30 16 7 7 3799
007 30 33 6 6 3322
007 111 92 6 7 4051
007 111 103 6 6 2943
007 111 82 7 7 2306
007 111 65 7 6 3433
007 101 52 7 7 3125
007 111 97 6 7 3021
007 101 41 6 6 3257
007 30 6 6 7 6156
007 30 8 6 6 2388
007 101 37 6 6 3366
007 101 60 7 7 2498
007 30 29 6 6 2887
007 111 68 6 6 2557
007 111 101 7 7 5303
007 111 74 6 6 2861
007 30 18 7 7 4145
007 30 35 6 6 3528
007 111 86 6 6 2589
007 111 107 7 7 2544
007 111 71 7 7 1578
007 101 47 6 6 3454
007 111 94 7 7 3164
007 101 58 7 7 2568
007 111 61 6 7 2553
007 30 19 7 7 5717
007 111 67 6 7 2837
007 101 45 6 6 3444
007 30 1 6 7 5673
007 101 39 6 6 1662
007 111 62 6 6 1888
007 30 32 6 7 2800
007 101 54 7 7 2077
007 111 66 7 7 2170
007 30 24 7 6 4005
007 111 99 6 7 2236
007 30 20 7 7 2338
007 30 21 7 6 4636
007 101 50 7 7 5632
007 30 17 7 7 5298
007 101 59 7 7 1844
007 30 28 6 6 4309
007 30 10 7 6 4807
007 111 84 7 7 2270
007 111 83 7 7 3165
007 111 88 7 7 4261
007 111 64 7 7 1808
007 111 89 7 7 1541
007 111 81 6 6 1968
007 111 104 6 6 2257
007 101 57 7 7 1364
007 101 56 7 7 3940
007 101 53 7 6 4457
007 30 30 6 6 3729
007 111 95 7 7 3166
007 101 38 6 6 4060
007 111 69 6 7 5435
007 30 27 7 7 4658
007 101 43 6 6 4743
007 111 106 7 7 4205
007 101 42 6 6 2705
007 101 46 6 7 2278
007 111 100 7 7 3347
008 1 1 6 7 5640
008 1 1 7 7 2482
008 1 1 7 7 3449
008 111 69 6 6 3521
008 101 60 7 7 3649
008 111 64 7 7 2113
008 111 91 6 6 2682
008 101 38 6 7 4292
008 111 80 6 6 2225
008 101 59 7 7 3183
008 30 25 7 7 2063
008 30 5 6 6 4852
008 30 27 7 7 3496
008 30 21 7 7 4041
008 111 108 7 7 2502
008 101 53 7 7 3805
008 111 90 7 7 1417
008 111 84 7 7 3165
008 30 12 7 7 2211
008 111 71 7 7 1468
008 111 75 6 6 2835
008 101 58 7 7 2935
008 111 102 7 7 3823
008 111 72 7 7 1215
008 111 100 7 6 4699
008 111 104 6 6 2390
008 30 11 7 7 6775
008 111 70 7 7 1726
008 111 96 7 7 2563
008 101 41 6 6 2533
008 111 93 6 6 2210
008 111 86 6 6 1734
008 111 66 7 7 1881
008 111 94 7 7 2419
008 101 47 6 6 2739
008 101 54 7 7 3566
008 111 83 7 6 4474
008 30 8 6 6 2985
008 111 63 6 6 2045
008 30 35 6 6 2169
008 111 73 6 6 4358
008 30 18 7 6 3550
008 101 52 7 6 3962
008 30 24 7 6 3790
008 111 92 6 6 2126
008 30 31 6 6 2365
008 30 32 6 6 2975
008 30 22 7 7 3093
008 111 98 6 6 3014
008 111 103 6 6 2902
008 30 20 7 7 2147
008 111 79 6 6 2079
008 30 6 6 7 5055
008 111 82 7 7 2152
008 111 106 7 7 1362
008 101 46 6 7 2597
008 111 61 6 6 2640
008 30 19 7 6 2637
008 30 17 7 7 5294
008 111 81 6 6 1623
008 30 10 7 7 3991
008 30 1 6 7 7347
008 30 28 6 6 3482
008 101 39 6 6 1510
008 101 43 6 6 1791
008 111 62 6 6 1754
008 111 76 7 7 2910
008 111 74 6 6 3358
008 30 16 7 7 2091
008 111 95 7 7 1999
008 101 45 6 6 2519
008 30 33 6 7 3571
008 111 77 7 6 2163
008 111 85 6 6 1742
008 30 29 6 6 2282
008 30 7 6 6 3524
008 101 44 6 6 2511
008 111 97 6 7 2701
008 101 42 6 7 2108
008 111 87 6 6 1744
008 101 51 7 7 3603
008 111 65 7 6 4403
008 111 99 6 6 3743
008 111 89 7 7 1604
008 111 88 7 7 2645
008 111 105 6 6 3384
008 101 55 7 7 1837
008 30 3 6 6 2853
008 30 36 6 6 3195
008 30 13 7 7 1673
008 101 49 7 7 2805
008 111 68 6 6 1941
008 101 56 7 7 2037
008 30 30 6 6 5981
008 111 67 6 6 2879
008 101 57 7 7 2165
008 111 107 7 7 1619
008 101 37 6 6 1736
008 101 50 7 7 2603
008 101 48 6 6 1676
008 30 23 7 7 2617
008 111 78 7 7 1924
008 30 4 6 7 3616
008 101 40 6 6 1537
008 30 26 7 7 1849
008 30 14 7 7 3853
008 30 15 7 7 2415
008 30 2 6 6 3058
008 30 9 6 6 4681
008 111 101 7 7 1974
008 30 34 6 6 2642
009 1 1 6 6 3185
009 1 1 7 7 2479
009 1 1 7 7 5944
009 30 17 7 7 6580
009 30 5 6 6 3518
009 30 20 7 7 4886
009 111 75 6 6 3385
009 101 54 7 6 7388
009 111 72 7 7 2790
009 30 18 7 6 8303
009 101 60 7 7 3308
009 101 52 7 6 4086
009 111 105 6 7 9025
009 111 82 7 7 4149
009 101 45 6 6 2408
009 111 86 6 6 2119
009 30 21 7 7 4236
009 30 14 7 7 4685
009 111 101 7 7 4131
009 111 73 6 6 3502
009 101 57 7 7 3254
009 101 49 7 7 4115
009 111 99 6 7 3004
009 30 35 6 6 7812
009 101 37 6 7 2736
009 30 13 7 7 3551
009 111 95 7 7 3316
009 101 48 6 6 4597
009 101 50 7 7 3247
009 30 29 6 6 4914
009 111 96 7 7 3305
009 111 80 6 6 3257
009 111 64 7 7 3487
009 111 84 7 7 3553
009 111 81 6 6 2716
009 101 44 6 6 3807
009 111 69 6 6 4495
009 30 24 7 7 2795
009 111 89 7 7 2279
009 30 15 7 7 3142
009 30 33 6 7 7501
009 30 7 6 7 4520
009 111 98 6 6 7084
009 30 25 7 7 2468
009 111 70 7 7 2245
009 111 68 6 6 3267
009 101 56 7 7 3175
009 101 41 6 6 2808
009 111 97 6 7 3202
009 111 107 7 7 2878
009 101 51 7 7 3003
009 30 28 6 6 4043
009 101 43 6 6 4234
009 111 71 7 7 1926
009 30 1 6 7 5206
009 111 103 6 6 8768
009 30 34 6 6 4525
009 30 9 6 6 5306
009 30 32 6 6 4944
009 111 77 7 7 2155
009 30 16 7 7 4312
009 101 42 6 6 4067
009 101 58 7 7 3087
009 111 108 7 7 2323
009 30 26 7 7 2410
009 111 94 7 7 4381
009 30 2 6 6 2617
009 30 23 7 7 8364
009 111 67 6 7 3762
009 111 85 6 6 2889
009 30 19 7 7 4774
009 30 3 6 6 3314
009 111 74 6 6 3828
009 111 92 6 6 3061
009 111 79 6 6 4385
009 111 61 6 6 2443
009 101 38 6 7 2772
009 101 47 6 6 4278
009 30 6 6 7 4855
009 101 55 7 7 3877
009 111 102 7 7 2728
009 30 10 7 7 7746
009 111 100 7 7 3760
009 30 27 7 7 3934
009 101 46 6 6 3293
009 30 12 7 7 4730
009 101 59 7 7 2385
009 101 53 7 6 2384
009 111 90 7 7 1481
009 111 106 7 7 3782
009 30 36 6 6 4296
009 101 40 6 6 2339
009 30 31 6 6 3609
009 111 63 6 7 8589
009 111 87 6 6 2816
009 30 22 7 7 3568
009 111 104 6 6 2399
009 30 30 6 6 3950
009 111 93 6 6 1818
009 111 76 7 6 3991
009 30 4 6 7 1978
009 111 62 6 6 1671
009 30 11 7 6 5091
009 30 8 6 6 3171
009 111 88 7 7 8347
009 111 83 7 6 2301
009 111 65 7 6 5187
009 111 91 6 6 3543
009 111 78 7 7 3675
009 111 66 7 7 2025
009 101 39 6 6 3006
010 1 1 6 7 6702
010 1 1 7 7 2035
010 1 1 7 7 6278
010 30 35 6 6 4088
010 101 51 7 7 2459
010 111 95 7 7 2100
010 101 44 6 6 3273
010 111 69 6 6 2024
010 30 14 7 7 2367
010 101 50 7 7 3617
010 111 99 6 6 4653
010 111 89 7 7 1791
010 101 43 6 6 1786
010 30 18 7 7 5002
010 111 72 7 7 1583
010 101 37 6 6 1959
010 30 16 7 7 2628
010 101 48 6 6 4884
010 111 105 6 6 15913
010 111 92 6 6 13059
010 30 13 7 7 2230
010 111 75 6 6 1887
010 111 108 7 7 1830
010 111 90 7 7 1197
010 111 93 6 6 1898
010 30 11 7 6 3858
010 111 86 6 6 3363
010 111 71 7 7 1421
010 111 66 7 7 2360
010 111 79 6 6 1779
010 101 49 7 6 9823
010 111 88 7 7 3847
010 111 78 7 7 2182
010 111 62 6 6 1546
010 111 96 7 7 2868
010 30 33 6 7 8510
010 111 67 6 6 11773
010 101 39 6 6 1515
010 30 7 6 6 3628
010 30 6 6 7 5171
010 30 34 6 6 2487
010 30 28 6 6 3046
010 111 65 7 6 3025
010 30 24 7 7 3330
010 101 41 6 6 3157
010 101 54 7 7 4180
010 30 17 7 7 7999
010 30 21 7 7 8655
010 111 77 7 7 1733
010 111 102 7 7 1763
010 30 20 7 7 2417
010 111 80 6 6 2368
010 111 74 6 6 4566
010 30 1 6 7 3516
010 111 84 7 7 2648
010 111 101 7 7 2168
010 30 10 7 7 5016
010 101 60 7 7 9861
010 101 46 6 6 2198
010 30 19 7 7 3935
010 111 103 6 6 2747
010 30 27 7 7 3428
010 111 63 6 6 8609
010 30 36 6 6 2633
010 101 47 6 6 2708
010 30 25 7 7 1886
010 30 31 6 6 3155
010 111 82 7 7 3279
010 111 83 7 7 4768
010 101 42 6 6 3658
010 101 59 7 7 2188
010 30 22 7 7 3637
010 30 3 6 6 3973
010 111 106 7 7 1614
010 101 57 7 7 1322
010 30 2 6 6 1769
010 101 52 7 6 2069
010 111 61 6 6 1928
010 111 76 7 7 4994
010 111 81 6 6 1879
010 111 85 6 6 1145
010 30 8 6 6 1464
010 111 100 7 7 2676
010 101 40 6 6 1211
010 30 29 6 6 2058
010 30 4 6 6 3103
010 111 91 6 6 2550
010 30 9 6 6 3934
010 101 38 6 7 3334
010 30 15 7 7 3150
010 111 98 6 6 3810
010 111 94 7 7 1915
010 111 68 6 6 3691
010 30 23 7 6 4239
010 111 70 7 7 1673
010 30 32 6 6 2378
010 30 26 7 7 2325
010 111 107 7 7 2549
010 111 73 6 6 4941
010 111 104 6 6 2084
010 101 53 7 6 3052
010 30 30 6 6 4413
010 30 12 7 7 3251
010 101 45 6 6 1900
010 111 97 6 7 2034
010 101 56 7 7 2916
010 101 55 7 7 1506
010 101 58 7 7 1887
010 30 5 6 6 4961
010 111 87 6 6 1752
010 111 64 7 7 2810
011 1 1 6 6 1752
011 1 1 7 7 1494
011 1 1 7 7 2707
011 30 16 7 7 2962
011 111 61 6 6 1595
011 111 67 6 7 1947
011 111 74 6 6 2090
011 101 41 6 6 1845
011 30 12 7 7 1909
011 101 40 6 6 1853
011 111 92 6 6 3388
011 30 17 7 7 2792
011 111 100 7 7 2051
011 111 91 6 6 2393
011 101 52 7 6 2459
011 101 59 7 6 2630
011 101 51 7 7 4461
011 30 15 7 7 2095
011 111 73 6 6 3023
011 111 99 6 6 2115
011 111 97 6 7 2110
011 111 105 6 6 2893
011 30 21 7 7 2608
011 111 96 7 7 2532
011 111 95 7 7 2579
011 111 81 6 6 2320
011 111 101 7 7 4470
011 101 46 6 6 1836
011 111 107 7 7 2097
011 111 80 6 6 2258
011 30 19 7 7 4068
011 30 10 7 7 3267
011 111 86 6 6 2187
011 101 54 7 6 2207
011 30 3 6 6 1927
011 111 71 7 7 1488
011 111 68 6 6 2567
011 111 87 6 6 1553
011 111 79 6 6 1921
011 111 72 7 7 1414
011 111 88 7 7 2849
011 101 48 6 6 1529
011 111 63 6 6 2233
011 111 65 7 6 4061
011 30 36 6 6 2249
011 101 60 7 7 2871
011 101 45 6 6 1404
011 30 14 7 7 2567
011 30 5 6 6 2496
011 111 104 6 6 3168
011 111 75 6 6 1874
011 111 78 7 7 1882
011 101 47 6 7 4513
011 30 31 6 6 2134
011 111 77 7 7 2018
011 30 27 7 7 2396
011 111 103 6 6 2619
011 30 33 6 6 4875
011 30 11 7 6 7862
011 30 29 6 6 2112
011 30 1 6 7 5582
011 30 18 7 6 5051
011 111 69 6 6 1761
011 30 20 7 6 2474
011 101 55 7 6 3406
011 101 50 7 6 3727
011 111 66 7 7 1802
011 111 70 7 7 1378
011 111 76 7 6 2717
011 30 9 6 7 3610
011 101 53 7 6 1691
011 111 102 7 7 1724
011 111 64 7 7 1699
011 30 13 7 7 1859
011 101 43 6 7 2131
011 111 83 7 7 2605
011 30 25 7 7 1751
011 30 8 6 6 2132
011 30 2 6 6 1860
011 30 6 6 6 5703
011 101 49 7 7 2326
011 101 42 6 6 1530
011 30 22 7 7 2165
011 30 4 6 6 3628
011 30 28 6 6 3129
011 111 94 7 6 2471
011 101 38 6 7 2364
011 111 82 7 7 2123
011 111 106 7 7 1600
011 30 32 6 6 3189
011 101 37 6 6 1591
011 30 24 7 7 2148
011 30 23 7 6 2750
011 101 56 7 6 1538
011 101 44 6 6 1688
011 30 30 6 6 2543
011 111 62 6 6 1539
011 30 34 6 6 3603
011 111 89 7 7 1825
011 30 35 6 6 2878
011 101 58 7 7 1680
011 30 7 6 6 1928
011 111 85 6 6 1433
011 111 108 7 7 1961
011 111 84 7 7 2100
011 111 98 6 6 2253
011 101 39 6 6 1338
011 111 90 7 7 1136
011 101 57 7 7 1768
011 30 26 7 6 2106
011 111 93 6 6 1939
012 1 1 6 6 2418
012 1 1 7 7 1440
012 1 1 7 7 3617
012 111 94 7 6 2138
012 111 67 6 6 3451
012 30 2 6 6 1766
012 30 33 6 7 3274
012 101 54 7 7 4105
012 111 108 7 7 2554
012 30 23 7 7 4234
012 111 79 6 6 2352
012 111 86 6 6 2274
012 30 35 6 6 4515
012 101 55 7 7 4134
012 101 56 7 7 2057
012 30 17 7 6 3925
012 111 97 6 7 2249
012 101 53 7 6 4885
012 111 87 6 6 2125
012 30 27 7 6 2764
012 101 42 6 6 1925
012 30 8 6 6 3284
012 111 89 7 7 1811
012 30 12 7 7 3091
012 111 76 7 6 3486
012 111 83 7 7 1953
012 101 50 7 7 2725
012 111 98 6 6 2540
012 111 99 6 7 1770
012 111 68 6 6 2236
012 30 29 6 6 2174
012 101 38 6 7 2568
012 111 75 6 6 2572
012 101 43 6 6 2916
012 111 84 7 7 3758
012 111 74 6 6 6451
012 101 48 6 6 1619
012 30 32 6 7 3723
012 111 65 7 6 5082
012 101 40 6 6 4344
012 101 44 6 6 2912
012 30 36 6 6 2024
012 111 105 6 7 2929
012 30 31 6 6 2995
012 111 93 6 6 1845
012 30 5 6 7 4233
012 111 88 7 7 5010
012 111 66 7 7 2544
012 30 20 7 7 2248
012 30 30 6 6 3168
012 30 28 6 6 3986
012 111 104 6 6 7336
012 30 3 6 7 2926
012 30 18 7 7 4829
012 30 4 6 6 3348
012 101 59 7 7 1737
012 30 1 6 7 5737
012 101 60 7 7 2992
012 30 9 6 6 4121
012 30 21 7 7 4803
012 30 19 7 7 2556
012 30 6 6 6 5959
012 30 10 7 6 4138
012 111 103 6 6 3568
012 111 101 7 7 4740
012 111 92 6 6 4691
012 111 78 7 7 3065
012 101 49 7 7 3039
012 111 85 6 6 1652
012 111 77 7 6 3992
012 30 25 7 7 2018
012 101 52 7 7 2075
012 111 82 7 7 2408
012 101 41 6 7 2051
012 101 47 6 6 3144
012 111 100 7 7 5050
012 30 16 7 7 2653
012 30 24 7 7 1991
012 111 64 7 7 2233
012 30 11 7 6 5490
012 111 61 6 6 1630
012 101 46 6 7 3769
012 111 102 7 7 1847
012 111 71 7 7 1685
012 111 107 7 7 2235
012 111 96 7 7 4595
012 101 57 7 7 1772
012 30 14 7 7 1893
012 111 90 7 7 1396
012 111 106 7 7 1439
012 30 26 7 7 1948
012 111 62 6 6 2051
012 101 39 6 6 1387
012 111 69 6 6 4223
012 111 91 6 6 2779
012 111 95 7 7 2730
012 30 13 7 7 1739
012 30 7 6 6 2092
012 30 15 7 7 3669
012 111 63 6 7 2837
012 101 45 6 6 1589
012 101 58 7 7 2525
012 30 34 6 6 7042
012 111 81 6 6 2337
012 111 70 7 6 1978
012 101 51 7 6 3365
012 111 72 7 6 2450
012 30 22 7 7 1997
012 111 73 6 6 2184
012 111 80 6 6 2326
012 101 37 6 6 2084
013 1 1 6 6 3704
013 1 1 7 7 3191
013 1 1 7 7 2633
013 30 3 6 6 3362
013 30 30 6 6 6230
013 101 49 7 7 6672
013 101 37 6 6 4445
013 101 42 6 6 2386
013 111 66 7 7 4432
013 111 96 7 7 4716
013 111 97 6 7 4144
013 101 54 7 7 4753
013 111 99 6 6 3728
013 30 7 6 6 4357
013 101 48 6 6 2210
013 30 19 7 6 5837
013 111 90 7 7 1955
013 111 100 7 7 3373
013 30 1 6 7 10071
013 111 74 6 6 4070
013 111 104 6 6 3948
013 30 14 7 7 2988
013 30 13 7 7 2209
013 101 47 6 7 6182
013 111 61 6 6 3991
013 101 59 7 7 2731
013 30 29 6 6 3595
013 111 73 6 6 4430
013 111 107 7 7 3350
013 101 41 6 6 1980
013 111 62 6 6 2268
013 101 43 6 6 3159
013 30 12 7 7 3000
013 30 36 6 6 2332
013 111 88 7 7 3054
013 30 35 6 6 7467
013 30 33 6 6 2606
013 101 45 6 6 1790
013 30 23 7 7 2817
013 30 2 6 6 2948
013 101 50 7 7 2773
013 101 55 7 7 4295
013 111 84 7 7 2625
013 101 53 7 7 3950
013 111 91 6 6 2390
013 111 102 7 7 5758
013 30 27 7 7 2298
013 30 25 7 7 2208
013 30 10 7 7 6991
013 111 76 7 7 4247
013 30 22 7 7 4016
013 30 21 7 7 3016
013 101 52 7 7 2047
013 111 79 6 6 2739
013 101 39 6 6 2123
013 111 80 6 6 2075
013 111 65 7 6 4507
013 111 69 6 6 16227
013 101 38 6 7 4403
013 111 85 6 6 1721
013 30 26 7 7 3436
013 111 68 6 6 2334
013 111 86 6 6 2919
013 111 75 6 6 3043
013 111 70 7 7 1991
013 30 11 7 6 8175
013 30 34 6 6 3262
013 111 89 7 7 2096
013 111 78 7 7 3986
013 111 103 6 6 3569
013 101 58 7 7 1924
013 111 101 7 7 3196
013 111 63 6 6 2139
013 111 98 6 6 5325
013 111 92 6 6 2402
013 30 20 7 7 4987
013 111 108 7 7 4259
013 111 82 7 7 1973
013 111 81 6 6 1992
013 111 95 7 7 2493
013 111 94 7 7 2913
013 30 32 6 6 3320
013 30 31 6 6 3974
013 101 60 7 7 4146
013 111 83 7 7 4536
013 111 105 6 7 5050
013 30 15 7 7 2559
013 30 28 6 6 4124
013 30 16 7 7 2693
013 111 64 7 6 2754
013 30 8 6 6 2468
013 111 71 7 7 2060
013 101 40 6 6 2227
013 101 57 7 7 2113
013 101 56 7 7 3281
013 30 9 6 6 4546
013 101 46 6 6 2007
013 111 93 6 6 1752
013 111 87 6 6 1752
013 101 51 7 7 4189
013 30 6 6 6 4958
013 111 77 7 7 2386
013 30 24 7 6 4622
013 30 5 6 6 5064
013 30 18 7 7 5179
013 111 67 6 6 4927
013 101 44 6 6 3475
013 30 4 6 6 2913
013 30 17 7 7 4398
013 111 72 7 7 2046
013 111 106 7 7 2992
014 1 1 6 6 3041
014 1 1 7 6 1959
014 1 1 7 7 3401
014 30 11 7 6 6614
014 30 17 7 7 8150
014 30 5 6 6 4507
014 111 62 6 6 3258
014 111 80 6 6 3259
014 30 25 7 7 2309
014 30 10 7 7 8454
014 30 14 7 7 3246
014 111 103 6 6 2552
014 111 87 6 6 2536
014 111 99 6 6 4196
014 30 36 6 6 3002
014 30 13 7 7 2091
014 111 94 7 7 5278
014 30 12 7 7 2473
014 111 108 7 7 3635
014 101 46 6 7 3861
014 30 8 6 6 2956
014 30 31 6 6 4283
014 111 73 6 6 6708
014 101 48 6 6 2310
014 30 35 6 6 4395
014 30 16 7 7 3107
014 101 44 6 6 3471
014 30 18 7 7 14975
014 101 54 7 6 8458
014 111 75 6 6 2497
014 111 105 6 6 3981
014 111 107 7 7 2318
014 111 79 6 6 2930
014 111 85 6 6 1866
014 111 78 7 7 3472
014 30 15 7 7 3950
014 111 68 6 6 2789
014 101 47 6 6 4154
014 30 3 6 6 2456
014 111 83 7 7 3287
014 30 34 6 6 3124
014 30 7 6 6 2707
014 101 55 7 7 3143
014 101 43 6 6 2514
014 30 22 7 7 3640
014 101 49 7 6 4284
014 101 60 7 7 5212
014 101 53 7 7 3489
014 111 82 7 7 2811
014 111 76 7 7 6008
014 111 61 6 6 2857
014 111 86 6 6 3528
014 30 30 6 6 6122
014 101 52 7 7 7036
014 111 96 7 7 4990
014 111 70 7 7 1852
014 111 90 7 7 1712
014 111 81 6 6 2031
014 111 89 7 7 2104
014 111 74 6 6 3276
014 111 64 7 7 1947
014 101 39 6 6 1638
014 111 69 6 6 3288
014 101 57 7 7 2652
014 101 42 6 6 2019
014 111 66 7 7 10562
014 111 101 7 7 3336
014 111 106 7 7 2061
014 111 102 7 7 3695
014 30 21 7 6 6124
014 101 51 7 6 12830
014 30 27 7 7 3468
014 30 20 7 7 3543
014 111 71 7 7 3211
014 111 93 6 6 2012
014 101 50 7 7 2563
014 101 59 7 7 2547
014 30 28 6 6 9129
014 30 19 7 7 8326
014 101 38 6 7 3689
014 30 23 7 7 3674
014 111 63 6 6 10743
014 111 104 6 6 4078
014 111 65 7 6 4139
014 30 6 6 7 6996
014 111 92 6 6 2340
014 111 88 7 7 2520
014 101 58 7 7 1835
014 101 37 6 6 2256
014 111 97 6 7 4866
014 30 9 6 6 5691
014 111 95 7 7 3557
014 111 98 6 6 5102
014 111 77 7 7 2499
014 101 41 6 6 2303
014 111 100 7 7 3917
014 111 67 6 6 5014
014 30 24 7 7 3951
014 30 33 6 6 6555
014 111 84 7 7 2426
014 30 2 6 6 3897
014 30 26 7 7 2656
014 101 40 6 6 1599
014 111 72 7 7 1894
014 101 56 7 7 5258
014 30 32 6 7 3873
014 111 91 6 6 3060
014 30 1 6 7 6202
014 30 29 6 6 3515
014 30 4 6 6 3765
014 101 45 6 6 1666
015 1 1 6 7 5425
015 1 1 7 7 4523
015 1 1 7 7 5266
015 111 63 6 6 4129
015 30 14 7 7 6081
015 111 81 6 6 2776
015 111 76 7 7 7236
015 111 85 6 6 3494
015 111 74 6 6 9917
015 30 35 6 6 7360
015 111 101 7 7 5158
015 111 93 6 6 2359
015 111 65 7 6 5062
015 30 32 6 7 5452
015 30 17 7 6 10285
015 101 37 6 6 2838
015 30 3 6 6 8477
015 101 44 6 6 3663
015 111 62 6 6 2524
015 111 98 6 6 2681
015 30 36 6 6 2909
015 101 43 6 6 5992
015 30 27 7 7 3724
015 101 49 7 7 4961
015 111 72 7 7 2443
015 111 106 7 6 4764
015 111 69 6 6 1978
015 111 66 7 7 4457
015 101 54 7 7 7121
015 111 94 7 7 4968
015 111 107 7 7 2589
015 30 2 6 6 2979
015 30 24 7 6 3907
015 101 55 7 7 5955
015 30 25 7 7 2179
015 111 88 7 7 2990
015 111 67 6 7 4754
015 101 58 7 7 5001
015 111 99 6 6 3870
015 111 97 6 7 3287
015 111 73 6 6 4564
015 101 40 6 6 2295
015 111 84 7 7 2231
015 111 68 6 6 4370
015 30 9 6 6 4033
015 30 33 6 6 4876
015 111 64 7 7 2313
015 101 53 7 7 3363
015 101 45 6 6 2651
015 30 26 7 7 3107
015 101 38 6 7 4787
015 30 23 7 7 3882
015 111 61 6 6 3257
015 111 91 6 6 2602
015 101 59 7 7 4409
015 30 11 7 6 15178
015 101 46 6 6 4050
015 111 92 6 6 2435
015 101 52 7 7 2096
015 30 16 7 7 3692
015 30 18 7 7 8734
015 30 12 7 7 3345
015 30 10 7 6 6512
015 30 34 6 6 3783
015 111 87 6 6 2963
015 30 21 7 7 4957
015 111 80 6 6 2759
015 111 78 7 7 7859
015 111 90 7 7 1893
015 111 108 7 7 3016
015 30 7 6 6 4394
015 30 5 6 6 5521
015 101 56 7 7 3709
015 30 6 6 6 7428
015 111 95 7 7 2055
015 30 20 7 7 3176
015 101 41 6 6 2573
015 101 50 7 7 3736
015 111 100 7 7 2373
015 30 30 6 6 4538
015 111 75 6 6 3391
015 111 86 6 6 3377
015 30 15 7 7 4432
015 111 104 6 6 3183
015 111 71 7 7 2268
015 111 96 7 6 7485
015 111 89 7 7 2200
015 30 13 7 7 2848
015 111 102 7 7 3377
015 101 60 7 7 3348
015 30 31 6 6 3619
015 111 83 7 7 2823
015 30 8 6 6 2114
015 30 22 7 6 4853
015 101 39 6 6 1783
015 30 1 6 7 5309
015 101 42 6 6 2135
015 101 57 7 7 4018
015 30 19 7 6 5856
015 111 103 6 6 2395
015 30 28 6 6 5622
015 30 4 6 6 3166
015 101 51 7 7 3765
015 111 77 7 7 2455
015 101 48 6 6 7113
015 111 105 6 7 3854
015 111 70 7 7 1883
015 111 82 7 7 2925
015 101 47 6 6 4440
015 111 79 6 6 4012
015 30 29 6 6 4099
016 1 1 6 6 1997
016 1 1 7 7 1697
016 1 1 7 7 2659
016 30 25 7 7 2292
016 111 95 7 7 2233
016 111 75 6 6 2598
016 111 84 7 7 2550
016 30 12 7 7 2574
016 30 4 6 7 1765
016 111 76 7 7 4197
016 111 108 7 7 2228
016 111 81 6 6 1795
016 30 14 7 7 2316
016 111 98 6 6 2635
016 101 47 6 6 2801
016 111 72 7 7 1774
016 111 83 7 7 2215
016 111 104 6 6 2175
016 30 23 7 7 3196
016 30 10 7 7 3531
016 111 70 7 7 1949
016 111 63 6 6 1465
016 30 29 6 6 1925
016 101 42 6 6 1688
016 111 90 7 7 1389
016 101 58 7 7 1585
016 30 22 7 7 2547
016 101 43 6 6 2449
016 111 64 7 7 1509
016 30 24 7 7 3163
016 30 11 7 7 3883
016 30 27 7 7 2363
016 101 37 6 6 4860
016 111 65 7 6 3158
016 111 99 6 7 2297
016 30 21 7 6 5634
016 111 94 7 7 2898
016 111 92 6 6 1968
016 101 38 6 7 2458
016 111 106 7 7 2005
016 111 107 7 7 2102
016 30 1 6 7 3716
016 111 66 7 6 6321
016 30 34 6 6 3134
016 30 5 6 6 2339
016 101 48 6 6 3434
016 101 50 7 7 2519
016 30 19 7 7 5611
016 30 28 6 6 2024
016 101 56 7 7 4895
016 111 85 6 6 1734
016 111 73 6 6 2011
016 30 33 6 6 5457
016 101 52 7 7 1714
016 101 59 7 7 1363
016 30 6 6 6 4328
016 30 36 6 6 2700
016 111 101 7 7 2795
016 30 8 6 6 1430
016 101 45 6 6 1715
016 30 16 7 7 3991
016 101 41 6 6 7823
016 30 30 6 6 3082
016 30 3 6 7 3754
016 101 46 6 6 3940
016 30 20 7 7 2114
016 111 77 7 7 1802
016 111 69 6 6 5127
016 111 88 7 7 6987
016 111 105 6 6 6203
016 111 87 6 6 2080
016 101 51 7 7 2596
016 111 91 6 6 2299
016 30 26 7 7 2233
016 111 97 6 7 2167
016 111 67 6 6 7863
016 111 79 6 6 2115
016 30 2 6 7 2618
016 111 86 6 6 2194
016 101 53 7 7 2693
016 30 9 6 6 6872
016 111 71 7 7 1510
016 101 60 7 7 3180
016 30 15 7 7 2248
016 30 17 7 7 6883
016 30 7 6 6 3683
016 101 40 6 6 1657
016 111 68 6 6 1993
016 111 61 6 6 2157
016 30 18 7 6 5247
016 111 96 7 7 3784
016 101 39 6 6 1356
016 111 78 7 7 2694
016 111 100 7 7 3349
016 101 49 7 7 2931
016 30 31 6 6 2653
016 30 13 7 7 1644
016 101 55 7 7 1570
016 101 44 6 6 2111
016 30 32 6 7 3196
016 111 102 7 6 6871
016 111 62 6 6 1697
016 111 74 6 6 6755
016 111 93 6 6 2630
016 101 57 7 7 2007
016 30 35 6 6 3193
016 111 82 7 7 1945
016 111 80 6 6 4914
016 101 54 7 7 1717
016 111 89 7 7 2083
016 111 103 6 6 3684
017 1 1 6 7 8609
017 1 1 7 7 3187
017 1 1 7 7 3437
017 101 37 6 6 4145
017 111 72 7 6 3268
017 101 49 7 7 4547
017 30 9 6 6 4731
017 101 42 6 6 2126
017 101 46 6 6 3479
017 111 91 6 6 3628
017 30 17 7 7 5409
017 111 63 6 6 1780
017 30 30 6 6 4280
017 111 108 7 7 2221
017 30 27 7 7 4974
017 111 78 7 7 4931
017 30 19 7 7 3547
017 111 98 6 6 3553
017 30 29 6 6 2550
017 30 28 6 6 4552
017 30 25 7 7 2023
017 111 99 6 6 2642
017 111 100 7 7 2628
017 111 62 6 6 1914
017 111 106 7 6 4091
017 101 58 7 7 3918
017 111 82 7 7 2300
017 30 1 6 7 7442
017 111 103 6 6 4924
017 30 3 6 6 2243
017 30 10 7 7 3676
017 101 50 7 6 4633
017 30 13 7 7 2380
017 111 79 6 6 2499
017 111 77 7 7 2298
017 30 24 7 7 3776
017 101 60 7 7 2648
017 111 73 6 6 4011
017 111 85 6 6 1758
017 111 86 6 6 2483
017 111 68 6 6 3212
017 111 105 6 6 2150
017 30 6 6 6 3253
017 101 43 6 6 2893
017 30 26 7 7 3450
017 30 20 7 6 7767
017 101 47 6 6 3043
017 30 21 7 7 3517
017 101 54 7 7 3516
017 111 84 7 7 2274
017 111 90 7 7 1812
017 101 55 7 7 1917
017 111 89 7 7 1891
017 30 34 6 7 4201
017 30 8 6 6 3841
017 111 87 6 6 2438
017 111 101 7 7 2166
017 30 11 7 6 8459
017 30 15 7 7 3108
017 111 96 7 7 3077
017 111 80 6 6 2552
017 30 5 6 6 4625
017 111 66 7 7 2227
017 30 16 7 7 2493
017 30 33 6 6 5167
017 101 45 6 6 1917
017 101 40 6 6 1470
017 101 39 6 6 1526
017 30 32 6 7 3645
017 30 18 7 6 5529
017 30 12 7 7 2709
017 101 48 6 6 2583
017 101 52 7 6 2236
017 101 51 7 6 4816
017 30 14 7 7 2273
017 111 65 7 6 3915
017 111 75 6 6 2442
017 101 59 7 7 1577
017 30 2 6 7 2130
017 30 36 6 6 3157
017 30 23 7 7 6167
017 111 74 6 6 2747
017 101 56 7 7 1733
017 111 97 6 6 3421
017 30 7 6 6 2109
017 30 35 6 6 4339
017 101 44 6 6 2310
017 30 31 6 6 2616
017 111 93 6 6 1463
017 111 107 7 7 2211
017 30 4 6 7 1513
017 111 76 7 7 2660
017 111 69 6 6 2067
017 111 94 7 7 3709
017 111 83 7 7 2893
017 111 81 6 6 2354
017 111 88 7 7 4145
017 111 61 6 6 1682
017 30 22 7 7 2472
017 111 70 7 7 1848
017 101 38 6 7 2052
017 111 67 6 6 2622
017 111 71 7 7 2817
017 111 104 6 6 2348
017 111 102 7 7 2443
017 111 64 7 7 2174
017 111 92 6 6 2716
017 101 53 7 7 3251
017 111 95 7 7 2256
017 101 41 6 6 2162
017 101 57 7 7 1865
018 1 1 6 7 4046
018 1 1 7 7 3131
018 1 1 7 7 5853
018 30 28 6 6 7198
018 101 46 6 6 5488
018 101 48 6 6 4266
018 30 14 7 7 6533
018 111 76 7 7 7368
018 111 99 6 7 3169
018 101 50 7 7 4014
018 30 34 6 6 7643
018 30 25 7 7 3360
018 111 96 7 7 7458
018 111 103 6 6 4374
018 111 100 7 7 3418
018 111 61 6 6 2849
018 111 75 6 6 5400
018 30 17 7 7 7563
018 111 93 6 6 3297
018 30 1 6 7 6182
018 111 78 7 7 4896
018 30 18 7 6 5827
018 111 88 7 7 3967
018 101 57 7 7 3243
018 30 23 7 7 3904
018 30 24 7 7 3374
018 111 68 6 6 3447
018 111 89 7 7 2476
018 111 104 6 6 4438
018 111 74 6 6 3859
018 111 101 7 7 4251
018 101 51 7 6 5352
018 101 41 6 6 2752
018 111 92 6 6 3445
018 30 36 6 6 4082
018 30 12 7 7 5229
018 111 67 6 6 10110
018 30 21 7 6 5489
018 111 81 6 6 2688
018 111 73 6 7 8846
018 111 95 7 7 3176
018 101 42 6 6 3197
018 30 2 6 6 3095
018 111 86 6 6 2777
018 111 87 6 6 2843
018 111 71 7 7 2594
018 111 63 6 6 3021
018 111 84 7 7 2768
018 101 38 6 7 5565
018 101 44 6 6 4566
018 111 82 7 7 9202
018 101 45 6 6 2856
018 30 7 6 6 3299
018 111 91 6 6 3908
018 101 59 7 7 4379
018 101 40 6 6 4811
018 111 65 7 6 4532
018 30 31 6 6 4713
018 101 52 7 7 3086
018 111 108 7 7 2290
018 111 83 7 7 2433
018 30 20 7 7 4667
018 101 39 6 6 2822
018 101 55 7 7 2905
018 111 106 7 7 2523
018 30 3 6 6 8599
018 30 19 7 7 3611
018 30 22 7 7 4813
018 111 98 6 6 4105
018 30 29 6 6 3899
018 30 26 7 7 2674
018 101 58 7 7 3209
018 111 97 6 7 5580
018 30 6 6 6 6925
018 111 69 6 6 2746
018 101 53 7 7 4132
018 30 16 7 7 4325
018 101 37 6 6 6971
018 30 8 6 6 2685
018 111 94 7 7 4852
018 101 47 6 6 4244
018 111 102 7 6 8674
018 101 43 6 6 5116
018 30 27 7 7 3884
018 101 60 7 7 3891
018 30 33 6 6 7839
018 30 15 7 7 3445
018 30 5 6 6 4523
018 30 11 7 6 21695
018 111 85 6 6 3738
018 101 56 7 7 3131
018 111 70 7 7 2591
018 30 13 7 7 3386
018 111 107 7 7 3149
018 111 72 7 7 2006
018 111 90 7 7 1727
018 30 35 6 6 11920
018 111 62 6 6 2251
018 30 4 6 6 5219
018 30 10 7 7 6730
018 111 66 7 7 4189
018 30 32 6 6 3904
018 30 30 6 6 6471
018 30 9 6 6 11107
018 111 79 6 6 3225
018 111 64 7 7 2600
018 111 105 6 6 7424
018 111 77 7 7 5433
018 101 49 7 7 4153
018 111 80 6 6 3408
018 101 54 7 7 5806
019 1 1 6 7 4404
019 1 1 7 7 2247
019 1 1 7 7 7510
019 101 55 7 6 3896
019 30 27 7 7 4972
019 101 59 7 7 3452
019 101 52 7 6 3923
019 30 16 7 7 3197
019 30 33 6 6 7302
019 111 95 7 7 2596
019 101 60 7 7 3112
019 30 11 7 6 8925
019 111 92 6 6 4835
019 111 94 7 7 7887
019 111 73 6 6 3162
019 30 5 6 7 6820
019 111 74 6 6 3913
019 111 63 6 6 2066
019 111 85 6 6 2575
019 111 68 6 6 2982
019 30 8 6 6 2949
019 101 43 6 7 3253
019 30 20 7 7 4237
019 111 89 7 7 2407
019 111 108 7 7 2827
019 111 98 6 6 6879
019 30 21 7 6 3334
019 111 103 6 6 3577
019 111 70 7 7 2882
019 30 2 6 6 4781
019 111 77 7 7 4572
019 111 80 6 6 3306
019 111 72 7 7 3094
019 30 32 6 6 8429
019 30 24 7 6 3202
019 101 44 6 6 3725
019 101 37 6 6 3329
019 111 106 7 7 4972
019 30 23 7 7 3115
019 111 91 6 6 2699
019 101 50 7 7 4578
019 101 48 6 6 4646
019 111 64 7 7 1795
019 30 35 6 6 2934
019 30 30 6 6 7258
019 30 25 7 6 4320
019 30 7 6 6 5116
019 111 87 6 6 2838
019 30 29 6 6 2659
019 111 88 7 6 8205
019 30 19 7 7 2833
019 111 86 6 6 4660
019 101 41 6 6 3042
019 111 96 7 7 4951
019 30 22 7 7 8625
019 111 75 6 6 2818
019 101 47 6 6 3766
019 111 76 7 7 5285
019 30 13 7 6 3690
019 101 42 6 6 4114
019 30 26 7 7 4207
019 101 56 7 7 2545
019 30 18 7 7 6606
019 101 53 7 7 6986
019 111 101 7 7 3371
019 101 39 6 6 2948
019 111 97 6 7 2837
019 30 34 6 6 8881
019 111 104 6 6 3199
019 101 57 7 7 2389
019 30 3 6 6 5261
019 30 1 6 7 3841
019 101 49 7 7 6695
019 111 100 7 7 4749
019 111 67 6 6 3855
019 101 51 7 6 2741
019 111 102 7 7 4095
019 30 14 7 7 5053
019 111 71 7 7 2341
019 111 99 6 6 3629
019 111 61 6 6 2789
019 101 54 7 7 5309
019 30 36 6 6 3043
019 101 38 6 7 7648
019 30 4 6 6 4053
019 111 93 6 6 4996
019 111 78 7 7 5179
019 111 90 7 7 3754
019 111 62 6 6 2634
019 111 105 6 7 9218
019 101 45 6 6 2060
019 111 84 7 7 3134
019 101 40 6 6 2949
019 111 66 7 6 4296
019 30 31 6 6 4997
019 101 58 7 7 2896
019 111 83 7 7 8291
019 30 6 6 6 4139
019 111 69 6 6 2916
019 30 15 7 7 4522
019 30 9 6 6 5535
019 30 17 7 7 8633
019 111 65 7 6 4978
019 101 46 6 6 4618
019 111 82 7 7 2601
019 30 12 7 7 7680
019 30 10 7 7 5521
019 111 79 6 6 2767
019 30 28 6 6 2829
019 111 81 6 6 2847
019 111 107 7 7 5453
020 1 1 6 6 4182
020 1 1 7 7 2407
020 1 1 7 7 3603
020 111 92 6 6 2787
020 111 77 7 7 2262
020 101 46 6 6 3031
020 101 44 6 6 3685
020 30 22 7 6 5371
020 30 6 6 7 3942
020 30 29 6 6 5648
020 30 14 7 7 2447
020 111 90 7 7 1436
020 111 106 7 7 2437
020 111 81 6 6 2366
020 111 87 6 6 2183
020 101 37 6 6 2337
020 111 88 7 7 2750
020 111 66 7 7 2096
020 111 70 7 7 1668
020 30 9 6 6 2901
020 111 69 6 6 2951
020 111 75 6 6 2197
020 101 41 6 6 1982
020 30 18 7 6 5308
020 101 49 7 7 2265
020 111 73 6 7 3297
020 111 96 7 7 5618
020 101 42 6 6 2961
020 111 64 7 7 1569
020 111 108 7 7 1721
020 111 63 6 6 1623
020 30 8 6 6 2161
020 111 98 6 6 3810
020 111 62 6 6 1834
020 30 10 7 7 4273
020 111 74 6 6 2919
020 30 16 7 7 2064
020 111 103 6 6 2624
020 30 36 6 6 3292
020 111 86 6 6 1596
020 101 39 6 6 1767
020 101 48 6 6 1840
020 30 19 7 7 3047
020 111 61 6 6 1686
020 30 25 7 7 2018
020 111 100 7 7 2717
020 30 30 6 6 4598
020 30 1 6 7 6336
020 111 83 7 7 3811
020 101 60 7 7 3584
020 30 13 7 7 1715
020 101 45 6 6 2115
020 111 101 7 7 2393
020 111 67 6 6 2289
020 101 58 7 7 1708
020 101 55 7 7 2574
020 111 93 6 6 2267
020 101 56 7 7 3557
020 101 47 6 6 4550
020 101 43 6 6 2382
020 101 50 7 7 2640
020 30 33 6 6 4089
020 30 2 6 6 2226
020 30 15 7 7 3889
020 111 65 7 6 3618
020 30 35 6 6 2623
020 30 20 7 7 2841
020 30 26 7 7 1867
020 30 32 6 6 4603
020 30 28 6 6 3890
020 111 79 6 6 2015
020 111 102 7 7 2731
020 111 78 7 7 2289
020 30 31 6 6 3316
020 101 51 7 6 2641
020 111 99 6 6 1975
020 111 95 7 7 1849
020 111 91 6 6 1854
020 111 76 7 7 4026
020 111 85 6 6 1659
020 111 104 6 6 2517
020 101 59 7 7 1733
020 111 84 7 7 3989
020 111 97 6 7 2055
020 30 24 7 7 2434
020 101 52 7 7 2056
020 111 71 7 7 1360
020 111 89 7 7 2799
020 101 57 7 7 1722
020 111 68 6 6 2271
020 30 12 7 7 1758
020 30 4 6 7 1577
020 101 38 6 7 2148
020 111 72 7 7 2600
020 30 23 7 7 2527
020 30 27 7 7 2131
020 111 107 7 7 1778
020 111 94 7 7 3232
020 30 3 6 6 2616
020 30 5 6 6 3352
020 111 80 6 6 2021
020 30 21 7 7 1997
020 30 11 7 6 8198
020 111 105 6 7 3673
020 101 54 7 7 5073
020 101 40 6 6 2313
020 30 17 7 7 2803
020 111 82 7 7 1859
020 30 34 6 6 3291
020 101 53 7 7 2001
020 30 7 6 6 1874
021 1 1 6 6 5111
021 1 1 7 7 1779
021 1 1 7 7 4239
021 111 90 7 7 1464
021 111 76 7 6 3491
021 101 54 7 7 2154
021 30 7 6 7 6163
021 111 74 6 7 2655
021 111 95 7 7 2277
021 111 85 6 6 1569
021 30 18 7 6 5816
021 111 70 7 7 2159
021 30 6 6 6 11280
021 101 58 7 6 4433
021 111 96 7 7 2742
021 111 68 6 6 2236
021 30 10 7 7 2891
021 101 52 7 6 3819
021 101 47 6 6 3725
021 111 106 7 7 3117
021 101 41 6 6 2211
021 111 63 6 6 1839
021 111 73 6 7 3649
021 111 65 7 6 4228
021 111 103 6 7 3755
021 101 40 6 6 1765
021 111 84 7 6 4528
021 30 16 7 7 5251
021 111 102 7 7 2811
021 111 62 6 6 1702
021 101 51 7 6 2122
021 30 27 7 7 3569
021 111 78 7 6 5829
021 30 28 6 6 3013
021 30 31 6 6 3526
021 30 1 6 7 4139
021 101 57 7 7 1938
021 101 45 6 6 1809
021 111 77 7 7 6860
021 101 53 7 7 2500
021 30 20 7 7 4589
021 111 80 6 6 2498
021 30 14 7 7 2328
021 111 67 6 6 3105
021 30 23 7 6 2812
021 30 30 6 6 3847
021 30 12 7 7 4000
021 111 89 7 7 2129
021 30 5 6 6 2716
021 30 8 6 6 1827
021 111 69 6 6 13543
021 30 2 6 6 2123
021 101 50 7 7 2901
021 111 107 7 7 1915
021 111 97 6 7 2465
021 111 66 7 7 1712
021 30 33 6 6 6327
021 30 26 7 7 1960
021 101 48 6 6 1780
021 111 61 6 6 2390
021 111 81 6 6 1556
021 101 49 7 7 3585
021 30 17 7 7 4824
021 111 94 7 7 2692
021 111 83 7 7 2457
021 30 15 7 7 2391
021 111 105 6 6 3223
021 111 71 7 7 1660
021 30 29 6 6 2165
021 101 37 6 6 1648
021 111 87 6 6 1844
021 111 92 6 6 2088
021 111 64 7 7 1773
021 111 91 6 6 2007
021 101 56 7 7 1753
021 111 72 7 7 2191
021 111 108 7 7 1966
021 111 75 6 6 1787
021 101 38 6 7 2028
021 111 79 6 6 7356
021 111 98 6 7 3847
021 30 9 6 6 2599
021 101 55 7 7 1810
021 101 60 7 6 1618
021 30 24 7 6 1975
021 111 86 6 6 1847
021 30 36 6 6 5555
021 30 35 6 6 3819
021 30 3 6 6 2243
021 30 13 7 7 1731
021 30 11 7 6 2640
021 101 42 6 6 1601
021 101 39 6 6 1553
021 30 21 7 6 2134
021 30 22 7 7 2720
021 101 46 6 7 2192
021 30 25 7 7 1837
021 111 100 7 7 2978
021 30 34 6 6 2478
021 30 19 7 6 3049
021 111 93 6 6 1536
021 111 101 7 7 2819
021 30 4 6 7 1731
021 111 104 6 6 1813
021 111 88 7 6 3474
021 111 82 7 7 1960
021 101 44 6 6 1591
021 101 59 7 7 1551
021 30 32 6 7 2467
021 101 43 6 6 3607
021 111 99 6 6 2636
022 1 1 6 6 3593
022 1 1 7 7 2904
022 1 1 7 7 3313
022 101 41 6 6 4162
022 30 22 7 7 2910
022 30 16 7 7 3956
022 30 29 6 6 2946
022 111 66 7 7 3607
022 111 72 7 7 1850
022 111 103 6 6 3469
022 111 74 6 6 2343
022 111 97 6 7 2779
022 111 73 6 7 7965
022 111 63 6 6 5955
022 30 14 7 7 2354
022 111 80 6 6 2024
022 30 32 6 6 4069
022 30 11 7 6 5769
022 111 104 6 6 2637
022 111 88 7 7 2812
022 111 105 6 6 3732
022 101 52 7 7 5406
022 30 5 6 7 4295
022 111 87 6 6 3095
022 101 58 7 7 1907
022 101 38 6 7 4438
022 30 31 6 6 3127
022 30 36 6 6 2315
022 101 40 6 6 1777
022 111 62 6 6 2417
022 30 9 6 6 4046
022 111 89 7 7 1978
022 101 49 7 7 3147
022 111 81 6 6 1767
022 111 68 6 6 2482
022 30 24 7 7 3175
022 30 6 6 7 4375
022 101 42 6 6 2169
022 111 92 6 6 2327
022 30 34 6 6 3583
022 30 26 7 7 3112
022 111 61 6 6 2112
022 30 21 7 7 4335
022 111 100 7 7 2706
022 101 53 7 6 5331
022 111 102 7 7 4153
022 111 96 7 7 2530
022 101 50 7 7 6795
022 30 2 6 6 2117
022 111 106 7 7 1716
022 111 65 7 6 2904
022 30 18 7 7 3955
022 30 30 6 6 2527
022 111 78 7 7 2821
022 101 43 6 6 2930
022 111 76 7 7 2318
022 30 35 6 6 3162
022 111 84 7 7 1741
022 101 55 7 7 1823
022 101 60 7 7 2042
022 30 19 7 6 3013
022 101 46 6 7 2625
022 111 83 7 7 1983
022 101 44 6 6 3257
022 101 45 6 6 1593
022 30 15 7 7 1874
022 111 70 7 7 1569
022 30 33 6 7 7417
022 111 86 6 6 2837
022 111 75 6 6 2258
022 111 90 7 7 1827
022 111 64 7 7 3480
022 30 28 6 6 3432
022 111 95 7 7 1647
022 111 71 7 7 1583
022 101 51 7 7 3474
022 30 8 6 6 2407
022 111 99 6 6 1898
022 111 85 6 6 1588
022 30 4 6 6 3529
022 111 94 7 7 3093
022 30 10 7 7 5634
022 101 57 7 7 1482
022 101 56 7 7 1995
022 101 37 6 6 3543
022 30 1 6 7 5938
022 111 93 6 6 1547
022 101 39 6 6 1552
022 111 101 7 7 2105
022 30 13 7 7 1591
022 30 20 7 6 2391
022 111 98 6 6 2609
022 101 48 6 6 2216
022 30 25 7 7 2064
022 111 82 7 7 2178
022 111 79 6 6 2222
022 111 67 6 6 5894
022 101 47 6 6 3565
022 30 7 6 6 1895
022 111 69 6 6 2829
022 111 108 7 7 1677
022 101 54 7 7 2658
022 111 107 7 7 1596
022 30 27 7 7 3499
022 30 23 7 7 2442
022 111 77 7 7 2578
022 30 3 6 6 2823
022 111 91 6 6 1798
022 101 59 7 7 2990
022 30 12 7 7 2952
022 30 17 7 7 3918
023 1 1 6 6 4201
023 1 1 7 7 2347
023 1 1 7 7 5567
023 111 91 6 6 3141
023 111 65 7 6 4697
023 111 80 6 6 2891
023 101 38 6 7 2489
023 101 55 7 6 5917
023 111 93 6 6 1799
023 111 79 6 6 2823
023 30 36 6 7 3077
023 30 20 7 7 5989
023 101 45 6 6 2250
023 111 100 7 7 3701
023 101 49 7 7 3331
023 30 3 6 6 2788
023 111 86 6 6 4619
023 30 25 7 7 2818
023 30 10 7 7 7334
023 30 33 6 6 3725
023 111 82 7 7 3885
023 111 84 7 7 3770
023 30 32 6 6 3648
023 101 52 7 7 3278
023 111 96 7 6 5446
023 111 64 7 7 2901
023 111 97 6 7 2902
023 30 2 6 6 2512
023 111 107 7 7 2771
023 30 17 7 7 10640
023 101 46 6 6 2587
023 30 31 6 6 4085
023 30 8 6 6 1730
023 111 102 7 7 2737
023 111 66 7 7 2717
023 111 98 6 6 3044
023 30 22 7 7 3917
023 111 92 6 6 2762
023 101 47 6 6 3960
023 111 89 7 7 1807
023 111 83 7 7 3094
023 101 53 7 6 3304
023 30 26 7 7 4510
023 30 13 7 7 3228
023 101 40 6 7 4691
023 30 19 7 7 5507
023 101 60 7 7 3093
023 30 6 6 7 4537
023 30 5 6 6 3567
023 101 58 7 7 2854
023 30 7 6 6 2791
023 111 61 6 6 3707
023 30 35 6 6 7931
023 101 51 7 6 3901
023 111 103 6 6 3570
023 30 24 7 7 3240
023 30 4 6 7 2146
023 30 23 7 7 2930
023 30 18 7 7 6851
023 101 41 6 6 2161
023 101 59 7 7 3640
023 111 73 6 7 3603
023 30 29 6 6 4796
023 111 62 6 6 2110
023 111 90 7 7 1505
023 111 106 7 7 3147
023 111 68 6 6 2674
023 111 85 6 6 2759
023 30 21 7 7 4344
023 30 16 7 7 2411
023 111 94 7 7 3268
023 111 81 6 6 3474
023 111 77 7 7 2746
023 30 9 6 6 7314
023 111 67 6 7 3841
023 111 101 7 7 3989
023 111 95 7 7 3940
023 101 54 7 7 3572
023 111 88 7 7 4423
023 101 57 7 7 4012
023 101 56 7 7 3872
023 30 14 7 7 4459
023 111 75 6 6 2461
023 111 71 7 7 1539
023 101 37 6 6 2697
023 101 50 7 7 5879
023 30 27 7 7 2768
023 101 48 6 6 2567
023 111 76 7 7 3411
023 101 39 6 6 1910
023 30 12 7 7 4863
023 30 30 6 6 5766
023 101 42 6 6 2156
023 111 74 6 6 4985
023 111 104 6 6 4121
023 111 87 6 6 2413
023 30 1 6 7 8673
023 30 11 7 7 11508
023 101 43 6 6 6263
023 111 99 6 6 4243
023 101 44 6 6 4320
023 111 72 7 7 2057
023 111 63 6 6 1981
023 111 108 7 7 2643
023 111 70 7 7 1727
023 111 69 6 6 2855
023 30 15 7 7 4153
023 30 28 6 6 3427
023 111 78 7 7 3524
023 111 105 6 6 7185
023 30 34 6 6 2615
024 1 1 6 6 8294
024 1 1 7 7 1735
024 1 1 7 7 12069
024 30 28 6 7 3814
024 101 56 7 7 3886
024 101 55 7 7 4528
024 111 64 7 7 1495
024 111 92 6 6 1933
024 30 17 7 7 3581
024 111 85 6 6 2319
024 111 62 6 6 1695
024 101 40 6 6 1602
024 30 19 7 6 3018
024 101 59 7 7 1643
024 111 98 6 6 3958
024 101 60 7 7 1919
024 101 45 6 6 3135
024 111 88 7 7 2746
024 30 33 6 6 5739
024 30 13 7 7 1889
024 30 9 6 6 3164
024 101 54 7 7 2599
024 111 101 7 7 2085
024 111 106 7 7 1630
024 111 71 7 7 1433
024 101 51 7 6 2591
024 30 14 7 7 2221
024 30 31 6 6 2763
024 101 58 7 7 3429
024 111 82 7 6 4804
024 101 50 7 7 2759
024 30 8 6 6 1837
024 111 83 7 6 2319
024 101 39 6 6 1691
024 30 10 7 7 4272
024 30 21 7 6 4506
024 111 74 6 6 2615
024 111 94 7 7 4330
024 30 11 7 6 5771
024 111 99 6 6 2692
024 30 34 6 6 2794
024 101 52 7 7 1948
024 101 49 7 7 1841
024 111 61 6 6 1761
024 30 29 6 6 3367
024 111 105 6 6 2580
024 111 93 6 6 1644
024 111 102 7 7 1987
024 30 23 7 7 2367
024 111 66 7 7 2159
024 101 37 6 6 1841
024 111 76 7 7 2344
024 111 65 7 6 5006
024 30 20 7 7 4549
024 101 46 6 6 4747
024 101 44 6 6 2012
024 111 72 7 7 1657
024 111 87 6 6 1717
024 30 18 7 7 5639
024 30 2 6 6 1414
024 101 53 7 7 3449
024 111 90 7 7 1511
024 111 97 6 7 1813
024 30 24 7 6 6233
024 111 104 6 6 2016
024 111 69 6 6 3738
024 111 63 6 6 1618
024 101 47 6 6 2931
024 30 32 6 6 3413
024 30 25 7 7 1843
024 111 73 6 6 2710
024 111 77 7 7 3077
024 111 89 7 7 1533
024 111 84 7 6 4120
024 30 3 6 6 2132
024 30 5 6 6 4944
024 30 16 7 7 2569
024 111 79 6 6 2165
024 111 81 6 6 1677
024 101 41 6 6 1941
024 111 67 6 7 3459
024 30 22 7 7 1992
024 111 75 6 6 1640
024 101 57 7 7 1672
024 30 1 6 7 4763
024 101 48 6 6 2907
024 111 70 7 7 1937
024 111 95 7 7 1748
024 111 96 7 7 4953
024 111 78 7 7 2908
024 111 108 7 7 1624
024 111 107 7 7 1829
024 30 35 6 6 3230
024 101 42 6 6 1512
024 101 43 6 6 2327
024 30 4 6 6 6078
024 111 103 6 6 1814
024 111 68 6 6 2051
024 111 100 7 7 2188
024 111 86 6 6 2765
024 30 7 6 6 2192
024 30 12 7 7 6827
024 30 26 7 7 1981
024 111 91 6 6 2462
024 111 80 6 6 1755
024 30 36 6 6 1856
024 30 15 7 7 4014
024 101 38 6 6 4690
024 30 6 6 7 3760
024 30 27 7 6 6025
024 30 30 6 6 4460
025 1 1 6 6 3106
025 1 1 7 7 1847
025 1 1 7 7 3930
025 30 10 7 7 3254
025 101 44 6 6 3719
025 101 50 7 6 3806
025 30 29 6 6 2552
025 30 20 7 7 3915
025 111 89 7 7 1746
025 111 90 7 7 1647
025 101 38 6 7 3239
025 111 83 7 7 2702
025 101 45 6 6 1871
025 30 21 7 7 3479
025 30 1 6 7 5866
025 101 55 7 7 2473
025 101 41 6 6 1687
025 30 34 6 6 3542
025 111 96 7 7 4034
025 111 65 7 6 4683
025 111 79 6 6 2765
025 101 52 7 7 5003
025 30 18 7 6 5617
025 30 2 6 6 2064
025 30 33 6 6 4928
025 30 27 7 7 3666
025 30 8 6 6 1980
025 101 47 6 6 4073
025 101 54 7 7 2267
025 111 85 6 6 2392
025 111 63 6 7 3441
025 111 100 7 7 3432
025 111 98 6 6 3237
025 30 25 7 7 2495
025 111 66 7 7 3074
025 101 43 6 6 2742
025 30 36 6 7 3436
025 101 51 7 7 2428
025 111 71 7 7 1566
025 30 7 6 6 3622
025 30 14 7 7 2564
025 111 101 7 7 2432
025 111 77 7 7 4353
025 30 6 6 6 4741
025 30 31 6 6 3359
025 111 97 6 7 2341
025 101 40 6 6 2071
025 30 26 7 7 2876
025 101 42 6 6 2143
025 111 75 6 6 2274
025 111 76 7 7 3105
025 30 3 6 6 2982
025 111 93 6 6 2068
025 111 78 7 7 2696
025 30 12 7 7 3140
025 30 9 6 6 4395
025 30 5 6 6 2923
025 111 73 6 6 2760
025 111 87 6 6 1692
025 111 80 6 6 2441
025 30 15 7 7 3121
025 111 64 7 7 1695
025 111 81 6 6 1730
025 111 82 7 7 3336
025 111 68 6 6 2308
025 30 30 6 6 4863
025 111 72 7 7 2303
025 30 11 7 6 7794
025 111 92 6 7 1676
025 30 28 6 6 2885
025 111 102 7 7 2547
025 111 84 7 7 2159
025 30 23 7 7 3595
025 30 19 7 7 3922
025 30 4 6 7 2080
025 111 74 6 6 3859
025 111 107 7 7 2046
025 101 46 6 7 2027
025 30 32 6 7 3399
025 111 105 6 6 4203
025 101 49 7 7 3073
025 30 24 7 7 3628
025 111 108 7 7 2433
025 30 13 7 7 2129
025 111 94 7 7 3445
025 101 39 6 6 1571
025 111 70 7 7 1701
025 30 16 7 7 3565
025 101 48 6 6 3270
025 30 17 7 7 4403
025 111 103 6 7 4796
025 101 53 7 7 3735
025 111 95 7 7 3018
025 111 88 7 7 3364
025 111 99 6 6 2388
025 111 106 7 7 1999
025 111 86 6 6 2889
025 111 62 6 6 1921
025 111 104 6 6 2684
025 111 67 6 6 5497
025 101 56 7 7 2597
025 101 37 6 6 2114
025 111 91 6 6 2967
025 101 59 7 7 2521
025 30 22 7 7 2655
025 111 61 6 6 2358
025 111 69 6 6 3549
025 101 60 7 7 2347
025 30 35 6 6 4553
025 101 58 7 7 2062
025 101 57 7 7 1998
026 1 1 6 6 2173
026 1 1 7 7 1403
026 1 1 7 7 1703
026 30 9 6 6 3445
026 30 4 6 6 1850
026 111 78 7 7 4650
026 111 97 6 7 1573
026 101 59 7 7 1216
026 111 65 7 6 1979
026 111 80 6 6 1761
026 111 87 6 6 1575
026 111 75 6 6 1483
026 111 106 7 7 1265
026 111 90 7 7 1226
026 30 16 7 7 1753
026 30 21 7 6 3396
026 111 70 7 7 1182
026 101 48 6 6 1643
026 30 2 6 6 1582
026 101 55 7 7 1423
026 111 77 7 6 1356
026 101 45 6 6 1868
026 111 103 6 6 1504
026 111 104 6 6 1949
026 30 33 6 6 1640
026 111 99 6 6 1466
026 101 57 7 7 1363
026 101 38 6 7 2146
026 30 10 7 7 2601
026 30 34 6 6 3929
026 101 52 7 6 4518
026 101 54 7 7 3223
026 111 76 7 7 2214
026 30 31 6 6 2849
026 30 30 6 6 2459
026 111 66 7 7 1269
026 30 32 6 7 2219
026 101 41 6 6 1238
026 30 24 7 6 1612
026 30 1 6 7 4285
026 111 95 7 7 1899
026 101 43 6 6 1476
026 101 56 7 7 1305
026 101 50 7 7 1512
026 101 37 6 6 1373
026 111 73 6 6 3634
026 101 40 6 6 1167
026 111 83 7 7 2369
026 111 64 7 7 1403
026 101 47 6 6 1692
026 111 96 7 7 2925
026 111 94 7 7 1570
026 30 35 6 6 2779
026 30 13 7 7 1409
026 30 28 6 6 1579
026 30 19 7 7 2321
026 111 107 7 7 1681
026 30 3 6 6 1749
026 111 100 7 7 1620
026 30 6 6 7 3372
026 111 61 6 6 1235
026 30 25 7 7 1505
026 30 14 7 7 1762
026 30 18 7 7 2109
026 101 49 7 7 1748
026 111 82 7 7 1423
026 30 15 7 7 2092
026 111 81 6 6 1791
026 111 84 7 7 1339
026 101 42 6 6 1228
026 30 36 6 6 1476
026 111 86 6 6 1486
026 111 72 7 7 1238
026 111 89 7 7 1290
026 30 7 6 6 1459
026 101 46 6 6 1905
026 111 71 7 7 1124
026 101 53 7 7 2081
026 111 91 6 6 1828
026 30 22 7 7 1586
026 111 88 7 7 1649
026 30 17 7 7 3297
026 111 74 6 6 1922
026 30 26 7 7 1481
026 30 12 7 7 1647
026 101 60 7 7 1623
026 111 105 6 6 2807
026 30 27 7 7 1679
026 111 93 6 6 1409
026 111 102 7 7 1901
026 30 11 7 6 2986
026 30 5 6 6 1998
026 111 62 6 6 1217
026 111 68 6 6 1425
026 101 39 6 6 1093
026 111 98 6 6 1511
026 111 108 7 7 1549
026 111 67 6 6 4259
026 30 20 7 7 2535
026 111 85 6 6 1085
026 30 23 7 7 2022
026 111 92 6 6 1519
026 111 79 6 6 1435
026 111 101 7 7 2081
026 111 63 6 6 1286
026 101 51 7 6 1571
026 101 44 6 6 1292
026 30 29 6 6 1338
026 30 8 6 6 1276
026 111 69 6 6 2111
026 101 58 7 6 1200
027 1 1 6 7 2407
027 1 1 7 7 1855
027 1 1 7 7 2760
027 101 49 7 6 3331
027 111 61 6 6 1768
027 30 14 7 7 2310
027 30 6 6 7 2582
027 30 21 7 6 2824
027 111 99 6 7 1687
027 101 45 6 6 1496
027 30 29 6 6 1538
027 101 41 6 6 1314
027 111 80 6 6 2243
027 111 92 6 6 2014
027 30 36 6 7 2475
027 101 53 7 6 1655
027 30 13 7 7 2235
027 111 97 6 7 2009
027 111 64 7 7 1366
027 101 39 6 6 1425
027 111 73 6 6 1948
027 101 47 6 6 2200
027 111 72 7 7 1594
027 111 65 7 6 2329
027 101 59 7 6 1492
027 30 17 7 7 2561
027 30 35 6 6 3966
027 101 40 6 6 1421
027 111 78 7 7 1980
027 111 76 7 6 1918
027 30 11 7 6 2343
027 111 98 6 6 2069
027 111 94 7 7 1878
027 101 42 6 6 1595
027 101 38 6 7 1782
027 30 18 7 6 2724
027 30 30 6 6 2689
027 30 2 6 6 1918
027 30 10 7 6 2472
027 111 101 7 7 1769
027 101 51 7 6 1541
027 111 100 7 7 2024
027 111 103 6 7 2245
027 101 50 7 6 2733
027 111 74 6 6 2074
027 101 46 6 6 1603
027 111 89 7 7 1447
027 30 9 6 6 2812
027 111 106 7 7 1488
027 111 87 6 6 2491
027 30 23 7 7 2098
027 111 108 7 7 1852
027 111 85 6 6 1704
027 111 70 7 7 1896
027 30 31 6 6 2342
027 101 54 7 7 2259
027 30 25 7 7 1799
027 30 8 6 6 2003
027 111 84 7 7 1510
027 101 48 6 6 1375
027 111 68 6 7 2380
027 111 105 6 6 2601
027 30 1 6 7 3650
027 111 63 6 6 1394
027 101 52 7 7 2487
027 101 57 7 7 1400
027 111 62 6 6 1427
027 30 15 7 7 1631
027 111 66 7 7 2618
027 111 102 7 7 1645
027 30 19 7 7 1975
027 30 22 7 7 2292
027 111 82 7 6 2186
027 111 69 6 6 1776
027 111 104 6 6 1687
027 101 43 6 6 1657
027 111 83 7 7 2071
027 30 7 6 6 2608
027 30 33 6 7 2268
027 111 71 7 7 1498
027 111 88 7 6 2178
027 111 95 7 7 1718
027 111 91 6 6 3043
027 101 55 7 6 1647
027 30 12 7 7 1883
027 30 3 6 6 3131
027 111 81 6 6 1508
027 30 4 6 7 1444
027 101 37 6 6 2147
027 101 56 7 7 1567
027 111 77 7 7 1951
027 111 86 6 6 2740
027 30 34 6 7 1622
027 111 90 7 7 1507
027 111 67 6 6 4331
027 30 24 7 7 2194
027 111 107 7 7 2653
027 30 27 7 7 2320
027 111 75 6 6 2046
027 111 96 7 7 1779
027 111 79 6 6 1830
027 30 28 6 6 2352
027 111 93 6 6 1238
027 30 20 7 7 1762
027 30 32 6 7 1526
027 101 44 6 6 1414
027 30 5 6 7 2322
027 30 26 7 7 1642
027 101 58 7 7 1682
027 101 60 7 7 3034
027 30 16 7 7 1603
028 1 1 6 6 4986
028 1 1 7 7 1986
028 1 1 7 7 2594
028 30 36 6 6 4761
028 30 26 7 7 5349
028 101 59 7 6 5544
028 101 60 7 7 3693
028 111 80 6 6 2855
028 101 53 7 7 3585
028 111 87 6 6 2587
028 111 75 6 6 2525
028 30 35 6 6 4723
028 101 50 7 7 11128
028 111 68 6 6 2120
028 30 25 7 7 3979
028 111 91 6 6 2656
028 30 2 6 6 2408
028 111 76 7 7 3733
028 30 7 6 7 3987
028 101 58 7 7 6056
028 30 1 6 7 5582
028 30 33 6 6 6230
028 111 77 7 7 1944
028 111 95 7 7 3422
028 111 107 7 7 2070
028 30 12 7 7 3918
028 101 40 6 6 2449
028 111 103 6 6 4030
028 30 4 6 6 4495
028 101 47 6 7 7115
028 101 52 7 6 5846
028 30 9 6 6 4324
028 111 101 7 7 3118
028 111 89 7 7 2237
028 111 70 7 7 4458
028 30 23 7 7 6133
028 101 49 7 7 6242
028 111 62 6 6 2490
028 111 83 7 6 2798
028 30 31 6 6 4452
028 111 88 7 7 6743
028 111 79 6 6 4900
028 111 74 6 6 5632
028 111 85 6 6 2761
028 30 21 7 7 3506
028 30 3 6 6 4860
028 101 54 7 7 5782
028 101 55 7 7 3904
028 101 41 6 6 3740
028 111 82 7 7 4032
028 111 92 6 7 6635
028 111 105 6 6 8921
028 30 28 6 7 6850
028 111 108 7 7 2262
028 101 46 6 7 3887
028 111 106 7 6 5447
028 30 22 7 7 2843
028 111 99 6 6 5108
028 111 71 7 7 1613
028 30 10 7 7 7840
028 30 14 7 7 5143
028 111 104 6 6 6373
028 101 48 6 7 5650
028 30 24 7 6 4121
028 101 38 6 7 3937
028 30 30 6 6 5662
028 101 51 7 6 6009
028 101 57 7 7 5076
028 111 64 7 7 6277
028 30 8 6 6 4841
028 111 81 6 6 3998
028 101 44 6 6 6720
028 101 43 6 6 6368
028 111 97 6 7 5402
028 111 98 6 6 4443
028 111 67 6 6 10614
028 30 13 7 7 4164
028 30 32 6 6 6922
028 30 16 7 7 7005
028 30 17 7 7 4032
028 111 72 7 7 3241
028 30 27 7 7 4407
028 111 90 7 7 1617
028 30 5 6 6 5255
028 101 42 6 6 6872
028 101 56 7 7 3507
028 30 34 6 6 5155
028 111 93 6 6 3989
028 111 65 7 6 7478
028 111 63 6 6 4765
028 111 84 7 7 2399
028 111 66 7 7 4111
028 101 37 6 6 3076
028 101 45 6 6 3467
028 30 20 7 7 4086
028 111 102 7 6 6544
028 111 69 6 6 6030
028 30 18 7 7 5653
028 111 73 6 6 3357
028 101 39 6 6 4299
028 30 15 7 7 4853
028 111 96 7 6 5007
028 111 78 7 7 4932
028 111 100 7 7 3389
028 111 86 6 6 3713
028 30 6 6 6 8754
028 30 19 7 7 3985
028 30 11 7 6 9663
028 111 94 7 7 3304
028 111 61 6 6 2958
028 30 29 6 6 5846
029 1 1 6 7 8753
029 1 1 7 7 2078
029 1 1 7 7 3804
029 30 18 7 7 4307
029 101 39 6 6 3849
029 111 62 6 6 1942
029 30 33 6 6 4814
029 101 50 7 7 6633
029 111 81 6 6 1810
029 30 24 7 7 3714
029 101 60 7 7 2984
029 30 34 6 6 5178
029 111 72 7 7 1595
029 111 77 7 7 2381
029 111 86 6 6 1812
029 30 1 6 7 5153
029 101 45 6 6 3382
029 30 11 7 6 8475
029 101 48 6 6 4561
029 30 12 7 7 2743
029 101 37 6 6 2408
029 111 63 6 6 1868
029 111 75 6 6 2050
029 111 88 7 7 3365
029 101 49 7 7 5784
029 111 99 6 7 2018
029 30 15 7 7 2347
029 101 53 7 7 5740
029 30 8 6 6 2653
029 111 91 6 6 2738
029 111 94 7 7 3936
029 30 20 7 7 2626
029 111 90 7 7 1346
029 111 96 7 7 3210
029 111 84 7 7 2764
029 111 71 7 7 1451
029 111 89 7 7 1820
029 111 103 6 6 3568
029 111 101 7 7 5854
029 101 42 6 6 1879
029 101 47 6 6 3867
029 30 27 7 7 2611
029 111 104 6 6 2643
029 30 10 7 7 4451
029 30 2 6 6 1633
029 111 67 6 7 2139
029 30 14 7 7 2668
029 101 55 7 7 3282
029 30 25 7 7 1985
029 111 66 7 7 1857
029 111 98 6 6 2777
029 101 46 6 6 2517
029 111 70 7 7 2087
029 101 58 7 7 1487
029 30 9 6 6 3962
029 30 17 7 7 2940
029 111 76 7 7 3258
029 30 26 7 7 2095
029 111 83 7 7 5352
029 101 57 7 7 1501
029 111 108 7 7 1752
029 30 16 7 7 3267
029 30 3 6 6 2455
029 111 97 6 6 2759
029 111 93 6 6 2812
029 111 92 6 6 2348
029 111 74 6 6 2622
029 101 59 7 7 1900
029 111 85 6 6 1659
029 111 65 7 6 3363
029 30 35 6 6 4099
029 30 23 7 7 2722
029 111 102 7 7 4285
029 111 95 7 7 1840
029 101 52 7 6 2651
029 101 54 7 7 3523
029 111 64 7 7 3839
029 30 19 7 7 2462
029 30 36 6 6 4350
029 111 105 6 6 4445
029 111 68 6 6 2070
029 30 5 6 6 3228
029 30 6 6 7 4174
029 111 69 6 6 2000
029 111 80 6 6 2180
029 111 100 7 7 5667
029 30 32 6 7 4987
029 101 51 7 7 5306
029 111 78 7 7 3156
029 30 31 6 6 2663
029 30 28 6 6 3759
029 101 40 6 6 2055
029 101 44 6 6 2772
029 111 82 7 7 2106
029 30 29 6 6 3004
029 111 79 6 6 2072
029 30 13 7 7 1750
029 30 4 6 6 3586
029 30 21 7 7 5428
029 30 7 6 6 2004
029 101 41 6 6 3567
029 101 38 6 7 2912
029 111 61 6 6 1973
029 101 43 6 6 2413
029 111 73 6 6 2367
029 111 87 6 6 1917
029 30 22 7 7 3035
029 101 56 7 7 2722
029 30 30 6 6 6604
029 111 107 7 7 2081
029 111 106 7 7 1930
030 1 1 6 6 2368
030 1 1 7 7 1610
030 1 1 7 7 2461
030 111 92 6 6 3482
030 111 90 7 7 1889
030 111 94 7 7 3252
030 111 81 6 6 2764
030 30 1 6 7 6959
030 111 99 6 7 3280
030 111 75 6 6 2845
030 30 6 6 7 4150
030 111 79 6 7 6951
030 101 46 6 7 5686
030 30 36 6 6 6121
030 30 35 6 6 3512
030 101 54 7 7 2307
030 30 22 7 7 2593
030 111 86 6 6 2687
030 101 52 7 7 1867
030 101 47 6 6 2561
030 30 30 6 6 5256
030 111 72 7 7 1838
030 111 97 6 7 2155
030 111 88 7 7 3206
030 101 60 7 7 1621
030 101 55 7 7 2785
030 111 68 6 6 2283
030 111 93 6 6 2216
030 111 66 7 7 1941
030 30 27 7 7 2256
030 30 13 7 7 1456
030 101 58 7 7 1684
030 101 50 7 7 2132
030 30 28 6 6 3620
030 111 62 6 6 1778
030 111 96 7 6 4025
030 30 3 6 7 4971
030 111 83 7 6 1909
030 30 10 7 7 8113
030 30 24 7 6 2816
030 111 98 6 6 2662
030 30 34 6 6 5456
030 101 51 7 7 7158
030 30 25 7 7 1897
030 30 19 7 7 3248
030 101 38 6 7 4301
030 30 15 7 7 2311
030 111 78 7 7 2888
030 30 21 7 7 6443
030 101 41 6 6 2770
030 111 77 7 7 2323
030 111 82 7 7 2299
030 30 5 6 6 2274
030 111 73 6 6 4096
030 111 105 6 6 1834
030 111 101 7 7 2489
030 111 84 7 7 2616
030 111 70 7 7 1545
030 101 53 7 6 4827
030 111 64 7 7 1385
030 111 106 7 7 1516
030 30 14 7 7 2383
030 30 26 7 7 2081
030 30 16 7 7 2432
030 30 12 7 7 1784
030 101 42 6 6 1581
030 111 102 7 7 3293
030 30 8 6 6 1654
030 30 33 6 7 4550
030 101 43 6 6 2916
030 30 11 7 6 7998
030 30 9 6 6 3589
030 111 85 6 6 3158
030 101 49 7 6 1711
030 30 31 6 6 2744
030 101 40 6 6 1411
030 101 59 7 7 2468
030 30 4 6 6 2591
030 111 95 7 7 2288
030 101 48 6 6 1803
030 101 39 6 6 1291
030 111 89 7 7 1686
030 30 2 6 6 1557
030 101 45 6 6 1375
030 101 44 6 6 1134
030 30 29 6 6 2287
030 30 32 6 6 3376
030 111 67 6 6 2121
030 111 87 6 6 2022
030 30 18 7 6 2780
030 111 74 6 7 5310
030 111 80 6 6 2424
030 30 7 6 6 1735
030 111 65 7 6 5353
030 111 91 6 6 2553
030 111 69 6 6 2267
030 30 20 7 7 2916
030 30 17 7 7 2357
030 111 103 6 6 3488
030 111 63 6 6 1839
030 111 107 7 7 2090
030 30 23 7 7 2905
030 101 57 7 7 1512
030 111 71 7 7 1259
030 111 76 7 7 2032
030 101 37 6 6 1900
030 111 108 7 7 1654
030 111 61 6 6 2865
030 111 104 6 6 2599
030 111 100 7 7 2093
030 101 56 7 7 2728
031 1 1 6 6 3519
031 1 1 7 7 2651
031 1 1 7 7 3695
031 111 84 7 7 2467
031 30 19 7 7 3381
031 30 10 7 7 5442
031 111 68 6 6 2674
031 30 20 7 7 3416
031 111 73 6 6 5903
031 111 65 7 6 2929
031 111 99 6 7 2452
031 30 2 6 6 2989
031 30 8 6 6 2103
031 30 9 6 7 5923
031 111 105 6 6 4723
031 30 29 6 6 3377
031 111 86 6 6 2103
031 101 42 6 6 2626
031 111 81 6 6 1667
031 30 13 7 7 2328
031 111 89 7 7 1646
031 111 64 7 7 1452
031 30 1 6 7 10772
031 101 37 6 6 2887
031 30 21 7 7 2472
031 101 60 7 6 4535
031 30 36 6 6 2903
031 101 54 7 7 2483
031 101 39 6 6 1901
031 101 44 6 6 4348
031 101 46 6 7 2890
031 111 103 6 6 2927
031 30 34 6 6 2518
031 101 41 6 7 2493
031 101 59 7 7 2135
031 111 66 7 7 2324
031 111 107 7 7 1940
031 111 77 7 7 2266
031 30 7 6 7 5337
031 111 95 7 7 1884
031 111 74 6 6 4068
031 111 75 6 6 1650
031 101 57 7 7 2592
031 101 48 6 6 1771
031 111 82 7 7 1869
031 111 97 6 7 3424
031 111 83 7 7 3328
031 111 63 6 6 1926
031 30 35 6 6 2358
031 111 101 7 6 4191
031 111 70 7 7 2348
031 101 53 7 7 4227
031 30 24 7 6 2103
031 111 104 6 6 1940
031 30 23 7 7 1811
031 101 58 7 7 2604
031 111 96 7 7 3685
031 30 22 7 6 3324
031 30 33 6 7 5125
031 111 78 7 7 3768
031 111 106 7 7 2268
031 111 69 6 6 3263
031 111 76 7 7 2603
031 30 16 7 7 1926
031 111 79 6 6 3359
031 111 102 7 7 1913
031 30 26 7 7 1772
031 101 51 7 7 3119
031 111 87 6 6 3764
031 111 61 6 6 2025
031 30 14 7 7 2031
031 101 40 6 6 1730
031 30 12 7 7 3991
031 30 25 7 7 1710
031 111 71 7 7 1568
031 101 50 7 6 4137
031 111 93 6 6 1727
031 30 32 6 7 4156
031 30 28 6 6 2648
031 111 108 7 7 2273
031 30 15 7 7 2179
031 30 5 6 6 3488
031 111 72 7 7 1309
031 111 67 6 6 2594
031 30 27 7 7 2383
031 101 49 7 7 2064
031 111 62 6 6 1697
031 111 80 6 6 2074
031 111 100 7 7 1651
031 101 52 7 7 1746
031 30 17 7 7 1916
031 101 43 6 6 2604
031 111 94 7 7 3326
031 30 6 6 6 8723
031 30 4 6 7 6802
031 111 92 6 6 3034
031 101 47 6 6 2941
031 111 98 6 6 5817
031 30 11 7 7 5553
031 111 90 7 7 1316
031 30 31 6 6 1741
031 101 38 6 7 2335
031 30 3 6 6 3270
031 30 30 6 6 3411
031 111 91 6 7 2916
031 101 45 6 6 1951
031 111 88 7 7 2519
031 30 18 7 6 2454
031 111 85 6 6 1870
031 101 55 7 7 1660
031 101 56 7 7 2817
032 1 1 6 6 5117
032 1 1 7 7 1611
032 1 1 7 7 2458
032 101 55 7 6 4571
032 30 35 6 6 3757
032 111 97 6 7 1710
032 111 82 7 7 2045
032 101 56 7 7 2325
032 101 37 6 6 1978
032 30 16 7 7 2057
032 30 24 7 7 3263
032 30 1 6 7 8637
032 111 99 6 6 2597
032 111 76 7 7 2000
032 30 10 7 6 5714
032 101 40 6 6 1533
032 111 71 7 7 1393
032 111 61 6 6 1482
032 101 52 7 7 4268
032 111 62 6 6 1328
032 101 44 6 6 1645
032 111 106 7 7 1394
032 111 103 6 6 1420
032 101 48 6 6 1323
032 111 85 6 6 1248
032 111 107 7 7 1617
032 111 69 6 6 2411
032 30 14 7 7 2151
032 101 43 6 6 1651
032 30 31 6 6 2305
032 101 59 7 7 1589
032 30 12 7 7 1838
032 111 67 6 7 1913
032 30 19 7 7 3619
032 111 80 6 6 1851
032 111 79 6 6 1690
032 111 91 6 6 1538
032 101 42 6 6 1770
032 111 104 6 6 1696
032 30 17 7 7 1624
032 111 84 7 7 1530
032 30 8 6 6 1514
032 101 58 7 7 1480
032 30 30 6 6 2869
032 101 46 6 6 1500
032 30 7 6 6 2030
032 111 105 6 7 2543
032 111 88 7 7 1916
032 111 63 6 6 1425
032 111 77 7 7 1796
032 101 41 6 6 1595
032 30 25 7 7 1994
032 101 50 7 7 2122
032 111 95 7 7 1565
032 101 51 7 7 1638
032 111 87 6 6 1314
032 30 28 6 6 2251
032 111 102 7 7 2292
032 111 66 7 7 1749
032 101 38 6 7 1807
032 111 75 6 6 1808
032 30 3 6 6 1986
032 30 4 6 7 1049
032 111 83 7 6 2108
032 101 49 7 7 1984
032 30 5 6 7 1602
032 111 93 6 6 1939
032 30 6 6 6 4765
032 30 32 6 7 4147
032 101 54 7 7 1922
032 30 36 6 7 2049
032 111 90 7 7 1445
032 30 33 6 6 2161
032 111 89 7 7 1442
032 30 13 7 7 1324
032 30 34 6 6 1839
032 30 11 7 6 7111
032 101 53 7 7 1538
032 30 29 6 6 2648
032 111 81 6 6 1314
032 111 94 7 7 2113
032 101 57 7 7 1491
032 111 100 7 7 1930
032 30 22 7 7 2038
032 30 20 7 7 1967
032 101 47 6 6 2984
032 30 9 6 6 5799
032 111 70 7 7 1275
032 111 65 7 6 2515
032 30 27 7 7 2027
032 111 72 7 7 1237
032 111 68 6 6 1894
032 111 86 6 6 1605
032 101 60 7 6 1715
032 111 78 7 7 1587
032 111 98 6 6 1899
032 111 64 7 7 1491
032 101 39 6 6 1469
032 30 18 7 6 2733
032 111 96 7 6 5927
032 30 15 7 7 2019
032 101 45 6 6 2110
032 111 73 6 6 7681
032 30 23 7 7 2064
032 111 74 6 6 3449
032 111 92 6 6 1909
032 111 101 7 7 1966
032 30 21 7 6 4309
032 111 108 7 7 1238
032 30 26 7 7 2058
032 30 2 6 6 1675
033 1 1 6 6 2888
033 1 1 7 7 1414
033 1 1 7 7 2650
033 111 68 6 6 2424
033 111 93 6 6 1660
033 101 37 6 6 1885
033 111 65 7 6 2470
033 101 41 6 7 5094
033 111 76 7 7 3029
033 111 96 7 7 3751
033 111 78 7 7 5192
033 111 86 6 6 2222
033 101 49 7 7 5485
033 101 55 7 7 1618
033 111 100 7 7 2422
033 30 27 7 7 1841
033 111 99 6 7 1862
033 30 8 6 6 1510
033 30 9 6 6 3581
033 111 106 7 7 1717
033 111 83 7 7 3668
033 30 21 7 7 1620
033 30 19 7 7 4668
033 101 58 7 7 1524
033 101 50 7 7 1733
033 111 91 6 6 1627
033 30 3 6 7 1835
033 101 45 6 6 1573
033 111 103 6 6 2334
033 111 85 6 6 1538
033 111 105 6 6 5493
033 101 52 7 7 1640
033 30 16 7 6 2344
033 111 61 6 6 1492
033 111 97 6 7 1919
033 101 42 6 6 1433
033 30 31 6 6 1654
033 101 48 6 6 1563
033 111 95 7 7 1905
033 30 12 7 7 2096
033 111 80 6 6 1490
033 111 67 6 6 3697
033 111 74 6 6 2124
033 111 92 6 6 1755
033 30 1 6 7 3083
033 30 34 6 7 4985
033 30 24 7 7 1778
033 30 30 6 6 4175
033 101 53 7 7 2056
033 30 14 7 7 1979
033 101 59 7 7 1670
033 111 62 6 6 1591
033 30 15 7 7 2537
033 111 89 7 7 1542
033 30 13 7 7 1685
033 101 44 6 6 1717
033 101 57 7 7 1369
033 111 63 6 6 1492
033 101 46 6 7 1640
033 111 102 7 7 1839
033 30 4 6 7 1828
033 30 25 7 7 2049
033 111 64 7 7 2961
033 111 87 6 6 1313
033 111 104 6 6 1589
033 30 18 7 6 4766
033 30 35 6 6 2296
033 30 29 6 6 2174
033 30 5 6 6 2108
033 30 28 6 6 2459
033 30 23 7 7 2077
033 111 90 7 7 1325
033 111 81 6 6 1508
033 30 20 7 7 1995
033 30 36 6 6 1930
033 111 88 7 7 2220
033 101 38 6 7 2952
033 111 77 7 7 1763
033 111 98 6 6 2335
033 30 26 7 7 1547
033 111 66 7 7 1411
033 111 75 6 6 1628
033 111 107 7 7 1446
033 111 69 6 6 1460
033 30 6 6 6 2718
033 30 33 6 6 2153
033 111 94 7 7 2164
033 30 2 6 6 3035
033 101 51 7 6 2725
033 101 39 6 6 1479
033 111 108 7 7 1651
033 111 72 7 7 1362
033 111 73 6 6 3267
033 101 54 7 6 1800
033 111 84 7 7 1484
033 30 11 7 6 4829
033 30 7 6 6 2004
033 111 70 7 7 1435
033 101 47 6 6 3894
033 111 82 7 7 1372
033 101 56 7 7 1929
033 101 40 6 6 1322
033 30 17 7 6 2662
033 111 79 6 6 1657
033 30 22 7 7 1848
033 101 43 6 6 2198
033 101 60 7 7 2030
033 30 10 7 7 2020
033 111 101 7 7 2268
033 111 71 7 7 1201
033 30 32 6 6 1565
034 1 1 6 6 2673
034 1 1 7 7 2196
034 1 1 7 7 2882
034 30 6 6 7 3990
034 111 64 7 7 1885
034 30 30 6 6 5256
034 101 51 7 7 2594
034 111 90 7 7 1705
034 101 54 7 7 1839
034 111 83 7 7 2650
034 30 27 7 6 5645
034 111 100 7 7 4682
034 111 73 6 6 2197
034 101 37 6 6 1905
034 101 43 6 7 2730
034 101 38 6 7 2746
034 111 89 7 7 1658
034 111 87 6 7 3685
034 111 106 7 7 2698
034 101 56 7 7 2349
034 101 59 7 7 1643
034 30 12 7 7 2858
034 111 80 6 6 2928
034 30 25 7 7 1793
034 111 107 7 7 2408
034 111 96 7 7 4004
034 30 4 6 7 1994
034 111 66 7 7 2057
034 101 60 7 7 2725
034 111 75 6 6 3061
034 111 103 6 6 2208
034 111 69 6 6 2831
034 101 52 7 7 1940
034 30 29 6 6 2672
034 111 97 6 7 3250
034 111 63 6 6 2172
034 30 22 7 7 2420
034 111 85 6 6 1680
034 111 81 6 6 2211
034 101 53 7 6 1708
034 101 44 6 6 2628
034 111 101 7 7 2698
034 101 42 6 6 2009
034 30 21 7 7 2551
034 101 57 7 7 1656
034 111 74 6 6 2819
034 111 82 7 7 2558
034 30 32 6 7 2394
034 111 68 6 6 3315
034 30 19 7 6 3073
034 30 24 7 6 1980
034 30 20 7 7 2862
034 30 13 7 7 1823
034 30 2 6 6 1744
034 30 36 6 6 3624
034 111 70 7 7 1897
034 111 94 7 7 4106
034 111 104 6 6 2947
034 111 84 7 6 2325
034 30 1 6 7 4050
034 30 7 6 6 3589
034 111 93 6 6 2372
034 111 108 7 7 2338
034 111 99 6 6 2178
034 30 34 6 6 2821
034 101 55 7 7 1899
034 111 76 7 7 2660
034 101 47 6 6 3966
034 111 65 7 6 3738
034 111 67 6 6 3130
034 111 88 7 7 4109
034 111 77 7 7 2468
034 111 79 6 6 2428
034 30 5 6 6 2738
034 111 92 6 6 2399
034 30 16 7 7 1969
034 30 15 7 7 2698
034 101 40 6 7 2184
034 30 28 6 7 3214
034 101 46 6 6 2440
034 30 3 6 6 2443
034 111 91 6 6 2640
034 111 86 6 6 2667
034 30 17 7 7 4576
034 30 35 6 6 2699
034 111 62 6 6 1548
034 30 8 6 6 2333
034 30 18 7 6 6261
034 30 9 6 6 3720
034 111 105 6 6 3295
034 101 39 6 6 1770
034 101 48 6 6 1672
034 101 41 6 6 1562
034 101 45 6 6 1483
034 30 11 7 7 9030
034 101 49 7 7 2262
034 30 33 6 7 3773
034 111 98 6 6 2583
034 30 10 7 7 2713
034 30 23 7 7 3787
034 30 26 7 7 1760
034 111 61 6 6 2293
034 30 31 6 6 2708
034 111 95 7 7 3063
034 111 71 7 7 2370
034 101 58 7 7 1977
034 101 50 7 6 2589
034 30 14 7 7 4682
034 111 72 7 6 2274
034 111 102 7 7 2406
034 111 78 7 7 3242
035 1 1 6 6 3149
035 1 1 7 6 2474
035 1 1 7 7 3604
035 111 87 6 6 2394
035 111 99 6 6 3192
035 101 59 7 7 1982
035 30 27 7 7 5153
035 111 75 6 6 3884
035 111 65 7 6 3914
035 30 34 6 6 3496
035 101 51 7 6 2642
035 111 88 7 7 3430
035 30 9 6 6 4562
035 101 44 6 6 3154
035 111 69 6 6 4180
035 111 72 7 7 2745
035 30 8 6 6 2185
035 111 89 7 7 2545
035 111 66 7 7 2294
035 111 67 6 6 4201
035 101 45 6 6 2091
035 101 37 6 6 2354
035 101 43 6 6 2847
035 30 10 7 6 5035
035 30 32 6 6 1890
035 101 41 6 6 1851
035 111 106 7 7 3033
035 30 12 7 7 3836
035 111 86 6 7 3281
035 111 108 7 7 2161
035 30 7 6 6 3166
035 111 74 6 6 3011
035 111 95 7 7 2359
035 30 23 7 7 3070
035 101 48 6 6 1850
035 101 38 6 7 2339
035 30 11 7 6 5961
035 111 78 7 7 2919
035 111 92 6 6 4769
035 30 1 6 7 4796
035 101 58 7 7 364
035 30 3 6 6 4171
035 111 105 6 6 2464
035 30 16 7 7 2707
035 111 103 6 6 3353
035 30 24 7 7 2564
035 111 101 7 7 4781
035 30 18 7 7 5020
035 101 47 6 7 4154
035 111 62 6 6 2429
035 101 53 7 7 2572
035 30 15 7 7 2702
035 111 100 7 7 4249
035 30 22 7 7 4792
035 111 80 6 6 2842
035 30 4 6 7 2168
035 30 25 7 7 2210
035 111 77 7 6 3490
035 111 98 6 6 4202
035 101 54 7 7 4216
035 30 6 6 6 4756
035 101 39 6 6 2307
035 111 76 7 7 4171
035 111 68 6 6 3089
035 30 2 6 6 2200
035 111 81 6 6 2664
035 30 21 7 7 3311
035 111 93 6 6 2215
035 111 82 7 7 2948
035 101 46 6 6 2403
035 111 102 7 6 3279
035 30 19 7 6 3992
035 101 42 6 6 2237
035 101 49 7 7 2689
035 111 90 7 7 1678
035 111 79 6 6 4286
035 111 96 7 7 3037
035 101 55 7 7 2070
035 111 71 7 7 2246
035 111 83 7 7 3377
035 101 40 6 6 1932
035 30 13 7 7 2923
035 30 31 6 6 2387
035 111 107 7 7 3576
035 111 85 6 6 1770
035 30 28 6 6 2850
035 101 60 7 7 3923
035 30 35 6 6 4377
035 111 91 6 6 3462
035 111 94 7 7 3317
035 101 50 7 7 4385
035 111 64 7 7 1915
035 111 104 6 6 6557
035 30 20 7 7 3574
035 30 17 7 7 4252
035 30 36 6 6 4195
035 111 97 6 7 4732
035 101 52 7 7 2237
035 111 63 6 6 2431
035 30 5 6 7 3872
035 30 26 7 7 3259
035 30 14 7 7 3036
035 111 73 6 7 2209
035 30 29 6 6 3569
035 111 84 7 7 2448
035 101 56 7 7 2247
035 30 33 6 6 5119
035 111 61 6 6 2292
035 101 57 7 7 2462
035 30 30 6 6 3861
035 111 70 7 7 1871
036 1 1 6 6 1896
036 1 1 7 7 2448
036 1 1 7 7 2847
036 30 6 6 6 3632
036 30 20 7 6 2399
036 111 64 7 7 1724
036 30 30 6 6 2726
036 111 91 6 6 3731
036 111 76 7 7 3524
036 111 66 7 7 2602
036 101 37 6 6 2547
036 30 21 7 6 4434
036 30 3 6 6 2827
036 30 19 7 6 3395
036 111 106 7 7 1805
036 30 23 7 7 2490
036 30 16 7 7 2820
036 111 92 6 6 2009
036 111 95 7 7 2103
036 111 80 6 6 2336
036 111 108 7 7 1836
036 101 53 7 7 2193
036 111 96 7 6 4472
036 101 49 7 7 7541
036 111 83 7 7 2053
036 101 56 7 7 1719
036 101 57 7 7 1624
036 111 73 6 7 5636
036 111 99 6 6 1999
036 111 84 7 7 2391
036 111 78 7 7 1920
036 101 43 6 6 1968
036 111 100 7 7 1867
036 101 59 7 7 1621
036 101 40 6 6 1349
036 111 104 6 6 1683
036 111 67 6 6 1958
036 101 60 7 6 1619
036 111 93 6 6 1785
036 30 4 6 6 2875
036 111 71 7 7 2603
036 30 29 6 6 6672
036 30 11 7 6 4930
036 101 39 6 6 2599
036 111 69 6 6 2402
036 30 12 7 7 2350
036 30 17 7 7 2994
036 111 62 6 6 1745
036 111 70 7 7 1750
036 30 15 7 7 2024
036 111 72 7 7 1629
036 30 10 7 7 3026
036 101 50 7 7 2803
036 101 45 6 6 1690
036 101 38 6 7 3830
036 30 22 7 7 3093
036 111 86 6 6 3049
036 30 13 7 7 1801
036 101 52 7 6 2702
036 111 75 6 6 5523
036 30 34 6 6 1953
036 101 48 6 6 1437
036 101 51 7 7 2191
036 111 63 6 6 3743
036 111 61 6 6 1933
036 111 105 6 6 6154
036 30 27 7 7 1862
036 101 47 6 6 2286
036 101 42 6 6 1634
036 111 87 6 6 1460
036 111 102 7 7 2712
036 111 77 7 7 2822
036 101 55 7 7 1992
036 111 65 7 6 3652
036 111 107 7 7 3357
036 111 97 6 7 1960
036 30 7 6 6 2382
036 111 101 7 7 2118
036 30 24 7 7 2156
036 101 54 7 7 1952
036 30 35 6 6 5149
036 111 90 7 7 1296
036 111 79 6 6 1758
036 111 85 6 6 1551
036 30 28 6 6 3453
036 101 41 6 6 1422
036 101 46 6 6 1488
036 30 1 6 7 3611
036 111 103 6 6 2645
036 30 25 7 7 1953
036 111 94 7 7 1967
036 101 58 7 7 1824
036 111 81 6 6 1819
036 101 44 6 6 2102
036 111 74 6 6 2956
036 30 14 7 7 2377
036 30 8 6 6 1621
036 30 32 6 6 2102
036 111 89 7 7 1901
036 111 82 7 7 1673
036 30 2 6 6 1269
036 30 26 7 7 1845
036 111 98 6 6 2480
036 30 5 6 6 2052
036 30 18 7 6 3546
036 30 33 6 6 2466
036 30 36 6 6 2495
036 30 9 6 6 3222
036 111 88 7 7 2280
036 111 68 6 7 1914
036 30 31 6 6 2830
037 1 1 6 6 3854
037 1 1 7 7 2330
037 1 1 7 7 4865
037 111 89 7 7 2154
037 101 56 7 7 3528
037 30 18 7 7 3247
037 111 96 7 7 3848
037 101 49 7 7 2531
037 30 34 6 6 3283
037 30 13 7 7 2307
037 111 74 6 6 3393
037 30 33 6 6 5556
037 101 47 6 6 3568
037 30 7 6 7 3125
037 101 42 6 6 1817
037 111 67 6 6 2255
037 111 77 7 7 2048
037 30 16 7 7 3528
037 30 14 7 7 2747
037 101 43 6 6 2170
037 101 44 6 7 3128
037 111 85 6 6 1454
037 30 19 7 7 6714
037 101 37 6 6 2335
037 101 41 6 6 1625
037 111 62 6 6 1700
037 111 103 6 6 2480
037 111 65 7 6 3502
037 111 86 6 6 2464
037 111 97 6 7 2644
037 101 51 7 7 2735
037 30 21 7 7 3467
037 111 71 7 7 1582
037 101 50 7 7 3803
037 30 2 6 6 2016
037 30 3 6 6 3544
037 30 24 7 7 3699
037 111 61 6 6 2361
037 101 58 7 7 2025
037 111 75 6 6 1882
037 111 93 6 6 2020
037 111 64 7 7 1589
037 111 101 7 7 1921
037 30 15 7 7 2173
037 111 98 6 6 2627
037 101 60 7 6 1706
037 111 95 7 7 3036
037 111 70 7 7 1919
037 111 92 6 6 2585
037 111 87 6 6 1723
037 111 63 6 6 1521
037 30 25 7 7 2445
037 101 57 7 7 1570
037 111 91 6 6 2853
037 111 106 7 6 3115
037 30 10 7 7 4602
037 30 32 6 6 1787
037 30 22 7 7 2521
037 111 99 6 7 4844
037 101 59 7 7 3994
037 30 8 6 6 1947
037 30 1 6 7 8337
037 111 83 7 7 2824
037 111 102 7 7 2649
037 101 40 6 6 1735
037 111 79 6 6 3364
037 30 6 6 7 3074
037 30 20 7 7 4800
037 101 54 7 7 6329
037 101 39 6 6 2056
037 111 90 7 7 1541
037 30 29 6 6 2691
037 30 9 6 7 4049
037 111 76 7 7 3026
037 101 38 6 7 2227
037 30 26 7 7 2757
037 30 35 6 6 3212
037 111 80 6 6 2282
037 101 48 6 6 1597
037 111 68 6 6 4057
037 30 23 7 7 2986
037 111 66 7 6 5272
037 101 52 7 6 3985
037 111 81 6 6 1818
037 111 78 7 6 2853
037 101 46 6 7 2076
037 101 55 7 7 1658
037 111 84 7 7 2745
037 111 105 6 6 5062
037 111 104 6 6 1741
037 30 30 6 6 3668
037 30 11 7 7 9674
037 111 69 6 7 4036
037 111 94 7 7 2910
037 30 17 7 7 3889
037 30 4 6 7 2029
037 111 100 7 7 2985
037 30 12 7 7 2105
037 111 88 7 7 3105
037 30 31 6 6 3901
037 111 72 7 7 1619
037 111 73 6 6 5539
037 30 5 6 6 2533
037 101 53 7 7 1941
037 111 82 7 6 2076
037 101 45 6 6 1704
037 111 107 7 7 2686
037 30 28 6 6 4758
037 111 108 7 7 1876
037 30 36 6 6 2570
037 30 27 7 7 2407
038 1 1 6 7 7216
038 1 1 7 7 4171
038 1 1 7 7 4708
038 111 76 7 7 7002
038 30 10 7 6 9103
038 30 9 6 6 7106
038 30 5 6 7 4667
038 111 97 6 7 8147
038 30 15 7 7 2688
038 111 79 6 6 3701
038 111 82 7 7 5555
038 111 71 7 6 2944
038 111 93 6 6 2071
038 30 19 7 6 9130
038 111 67 6 6 5863
038 30 18 7 7 5729
038 111 64 7 7 2216
038 30 31 6 6 4265
038 30 7 6 7 3658
038 111 104 6 6 3078
038 111 107 7 7 2273
038 30 32 6 6 5583
038 30 4 6 7 2091
038 101 55 7 7 2607
038 111 77 7 7 2909
038 30 29 6 6 4599
038 111 98 6 6 6768
038 111 102 7 7 2394
038 30 8 6 6 2584
038 30 3 6 6 4166
038 30 33 6 7 5034
038 30 13 7 7 2937
038 101 42 6 7 4572
038 101 57 7 7 1762
038 111 69 6 6 4453
038 111 85 6 6 2348
038 30 6 6 7 4190
038 101 54 7 6 3205
038 30 27 7 6 4820
038 111 89 7 7 1804
038 101 47 6 7 4822
038 111 105 6 7 3337
038 101 58 7 7 2077
038 30 1 6 7 7327
038 111 70 7 7 1416
038 111 75 6 6 2983
038 111 108 7 7 2352
038 111 90 7 7 2493
038 101 52 7 6 4247
038 30 22 7 7 4123
038 111 94 7 6 4409
038 101 38 6 7 3882
038 111 87 6 6 4353
038 30 21 7 7 3075
038 30 34 6 6 3041
038 30 36 6 6 3752
038 30 24 7 7 5103
038 111 99 6 6 1768
038 111 72 7 7 5205
038 30 28 6 6 4109
038 30 17 7 7 3512
038 111 66 7 6 2920
038 30 11 7 6 3263
038 111 83 7 7 4104
038 111 62 6 6 1933
038 30 30 6 6 2927
038 111 100 7 6 5108
038 111 63 6 6 1696
038 111 73 6 7 4371
038 111 78 7 7 2398
038 111 80 6 6 2197
038 111 101 7 7 4286
038 101 50 7 6 6968
038 101 45 6 6 3933
038 111 88 7 6 3986
038 111 81 6 7 5418
038 30 2 6 6 2230
038 111 65 7 6 4985
038 111 91 6 6 2671
038 101 44 6 6 2840
038 101 43 6 6 3990
038 111 84 7 7 2889
038 111 68 6 6 2360
038 111 86 6 6 3269
038 101 49 7 6 4165
038 101 53 7 7 6218
038 30 26 7 7 2639
038 111 92 6 6 3382
038 30 14 7 7 3424
038 101 48 6 6 1564
038 30 25 7 7 2046
038 101 60 7 7 2415
038 101 46 6 6 2681
038 111 61 6 6 2203
038 111 106 7 7 2669
038 30 12 7 7 1844
038 101 37 6 7 1918
038 101 51 7 7 4450
038 111 96 7 7 2969
038 101 59 7 6 1854
038 30 35 6 6 3048
038 111 74 6 6 3321
038 111 103 6 7 4911
038 101 41 6 6 1506
038 101 56 7 6 1610
038 111 95 7 7 3354
038 30 23 7 7 1949
038 101 40 6 7 3388
038 30 20 7 7 2049
038 30 16 7 7 1903
038 101 39 6 6 2898
039 1 1 6 6 6223
039 1 1 7 7 2227
039 1 1 7 7 7991
039 111 96 7 7 5187
039 101 60 7 7 2666
039 111 78 7 7 3917
039 111 105 6 6 3904
039 30 26 7 7 2495
039 101 51 7 7 6262
039 111 67 6 7 5803
039 111 85 6 6 2451
039 30 3 6 6 7263
039 30 16 7 7 3316
039 111 87 6 6 1957
039 30 31 6 6 5092
039 30 4 6 7 1810
039 101 52 7 7 3517
039 101 53 7 7 3857
039 30 8 6 6 2715
039 101 58 7 7 5880
039 111 97 6 7 4242
039 101 43 6 6 2180
039 30 32 6 6 4008
039 111 80 6 6 3106
039 30 18 7 6 4159
039 101 54 7 7 4271
039 30 17 7 7 3322
039 111 76 7 6 5912
039 30 19 7 7 4639
039 101 40 6 6 2398
039 111 65 7 6 5015
039 30 5 6 6 4767
039 111 102 7 7 3644
039 101 38 6 7 5232
039 101 44 6 6 5014
039 111 99 6 6 6048
039 111 82 7 7 2419
039 30 15 7 7 3065
039 111 72 7 7 2353
039 111 106 7 7 3404
039 101 56 7 7 3800
039 111 90 7 7 1424
039 30 27 7 7 2739
039 111 63 6 6 7234
039 111 101 7 7 2349
039 30 6 6 6 8221
039 111 89 7 7 1979
039 30 36 6 6 3098
039 30 9 6 6 4389
039 111 68 6 6 3593
039 111 74 6 6 4809
039 111 73 6 7 4715
039 111 91 6 6 2230
039 111 77 7 7 2666
039 111 104 6 6 2196
039 111 95 7 7 2661
039 111 103 6 6 2185
039 111 88 7 7 3470
039 101 41 6 6 3217
039 111 75 6 6 2276
039 111 79 6 6 3802
039 101 48 6 6 2028
039 30 35 6 6 4271
039 111 69 6 6 4153
039 111 107 7 7 1959
039 30 21 7 7 2773
039 101 57 7 7 1842
039 30 20 7 7 2838
039 101 46 6 6 3963
039 30 13 7 7 1978
039 111 70 7 7 1581
039 30 24 7 7 2856
039 101 59 7 7 4820
039 30 34 6 6 3891
039 111 81 6 6 2100
039 111 66 7 7 4309
039 30 28 6 6 8578
039 101 45 6 6 2028
039 30 23 7 7 4402
039 111 62 6 6 1859
039 111 71 7 7 1417
039 111 93 6 6 2018
039 30 1 6 7 6365
039 30 12 7 7 4758
039 30 25 7 7 1881
039 30 22 7 7 5724
039 30 11 7 6 10477
039 111 92 6 6 9294
039 101 50 7 7 3225
039 101 55 7 7 4272
039 101 39 6 6 2253
039 111 84 7 7 3111
039 30 33 6 7 7186
039 101 42 6 6 2587
039 111 108 7 7 2433
039 30 30 6 6 3289
039 101 49 7 7 3576
039 30 29 6 6 3669
039 30 2 6 6 3779
039 101 47 6 6 3387
039 111 64 7 7 2816
039 30 7 6 6 4054
039 111 100 7 7 2419
039 111 83 7 7 4419
039 30 10 7 7 3059
039 111 61 6 6 2564
039 111 98 6 6 3853
039 111 86 6 6 3026
039 101 37 6 6 2591
039 111 94 7 7 4486
039 30 14 7 7 2729
040 1 1 6 6 2521
040 1 1 7 7 2199
040 1 1 7 7 5078
040 111 93 6 6 2513
040 30 5 6 6 2695
040 111 92 6 6 4241
040 30 19 7 7 5444
040 111 67 6 6 5402
040 111 97 6 7 3344
040 30 10 7 7 4079
040 30 29 6 6 4999
040 111 98 6 6 7174
040 111 101 7 7 3409
040 30 17 7 7 5614
040 111 104 6 6 2422
040 30 9 6 6 4567
040 30 32 6 6 5003
040 101 48 6 6 2388
040 30 7 6 6 4201
040 101 40 6 6 2474
040 30 35 6 6 3320
040 111 96 7 7 2882
040 111 75 6 6 2143
040 30 4 6 7 6275
040 30 8 6 6 2074
040 30 11 7 7 9478
040 111 69 6 6 3811
040 111 66 7 7 2619
040 30 30 6 6 2434
040 101 55 7 7 2688
040 111 70 7 7 1889
040 30 20 7 7 4339
040 101 42 6 6 2291
040 30 3 6 7 2876
040 111 83 7 7 2493
040 101 44 6 6 2831
040 111 81 6 6 2288
040 30 13 7 7 2859
040 101 60 7 7 3625
040 111 74 6 6 3307
040 101 39 6 6 2020
040 30 1 6 7 3648
040 30 31 6 6 4701
040 30 15 7 7 2247
040 111 72 7 7 1404
040 30 23 7 7 3187
040 111 106 7 7 2250
040 101 45 6 6 2190
040 111 90 7 7 1588
040 30 6 6 7 7310
040 30 26 7 7 3566
040 111 63 6 6 2478
040 111 108 7 7 1929
040 30 22 7 7 2557
040 111 80 6 6 2260
040 111 99 6 6 3424
040 111 88 7 7 2805
040 101 53 7 7 3051
040 30 21 7 7 2765
040 111 86 6 6 3078
040 30 24 7 7 2742
040 30 28 6 6 4551
040 30 12 7 7 2340
040 111 103 6 6 2213
040 111 64 7 7 1808
040 101 52 7 7 1702
040 101 50 7 7 2299
040 101 57 7 7 2502
040 30 36 6 6 3638
040 101 49 7 7 3102
040 111 89 7 7 1788
040 111 87 6 6 2298
040 101 37 6 6 3891
040 101 59 7 7 1863
040 111 62 6 6 3007
040 30 27 7 7 2312
040 101 41 6 6 2410
040 101 46 6 6 2217
040 30 34 6 6 4091
040 30 14 7 7 2326
040 111 73 6 7 4461
040 101 58 7 7 2170
040 111 61 6 6 2209
040 111 77 7 7 1894
040 30 2 6 6 2629
040 111 79 6 6 2015
040 30 16 7 6 5813
040 30 18 7 6 5715
040 101 54 7 6 3217
040 101 51 7 7 2309
040 101 43 6 6 2442
040 111 65 7 6 4011
040 111 105 6 6 5605
040 111 95 7 7 2834
040 111 84 7 7 2349
040 111 78 7 7 3377
040 101 56 7 7 7069
040 111 82 7 7 4319
040 111 68 6 6 2758
040 111 85 6 6 1933
040 111 100 7 7 2665
040 111 71 7 7 1890
040 101 38 6 7 4199
040 101 47 6 6 3629
040 111 102 7 7 2161
040 111 107 7 7 2046
040 111 94 7 7 3094
040 30 33 6 6 3294
040 111 91 6 6 2901
040 30 25 7 7 1849
040 111 76 7 7 2665
041 1 1 6 7 5835
041 1 1 7 7 2162
041 1 1 7 7 4650
041 111 65 7 6 5383
041 111 64 7 7 1858
041 101 45 6 6 1799
041 101 52 7 6 3408
041 30 31 6 6 5802
041 111 103 6 6 2220
041 30 14 7 7 2603
041 111 69 6 7 6769
041 111 81 6 6 2012
041 111 102 7 7 2585
041 101 49 7 7 2830
041 101 54 7 7 3829
041 111 66 7 7 2457
041 111 86 6 6 2291
041 101 56 7 7 2961
041 111 95 7 7 2092
041 111 63 6 6 2116
041 30 36 6 6 4183
041 111 62 6 6 1984
041 111 98 6 6 5658
041 101 57 7 7 2019
041 111 84 7 7 2260
041 30 28 6 6 8569
041 111 74 6 6 3185
041 111 67 6 6 4929
041 30 15 7 7 4876
041 111 106 7 7 3646
041 101 46 6 6 2205
041 111 89 7 7 2073
041 101 43 6 6 2885
041 30 13 7 7 2112
041 111 87 6 6 1986
041 111 77 7 7 2829
041 111 107 7 7 2437
041 30 2 6 6 1843
041 111 91 6 6 2264
041 111 71 7 6 4519
041 30 24 7 6 5691
041 30 34 6 6 3306
041 30 8 6 6 1772
041 30 16 7 7 2263
041 30 32 6 7 4751
041 30 9 6 6 5669
041 101 39 6 6 2043
041 111 76 7 7 2432
041 111 90 7 7 1813
041 111 94 7 7 2733
041 30 27 7 7 9422
041 111 73 6 7 5325
041 30 11 7 6 7127
041 30 4 6 6 2214
041 101 37 6 6 3573
041 30 7 6 6 2674
041 101 44 6 6 2265
041 30 6 6 7 3782
041 30 23 7 7 2617
041 30 12 7 7 2746
041 30 30 6 6 3328
041 111 61 6 6 4016
041 111 97 6 7 3210
041 30 22 7 7 4362
041 111 101 7 7 3131
041 101 38 6 6 1915
041 101 53 7 6 5263
041 111 92 6 6 2473
041 30 20 7 7 2833
041 101 42 6 6 1708
041 111 79 6 6 3277
041 111 80 6 6 2002
041 101 51 7 7 4944
041 30 25 7 7 1883
041 30 17 7 7 4243
041 111 99 6 7 2379
041 111 96 7 7 5598
041 111 82 7 7 3302
041 111 104 6 6 2372
041 101 60 7 7 2500
041 30 5 6 6 3254
041 30 26 7 7 1990
041 111 88 7 7 3319
041 111 105 6 7 6029
041 101 48 6 6 1709
041 111 93 6 6 1670
041 111 78 7 7 2928
041 111 100 7 7 3578
041 111 70 7 7 1596
041 101 47 6 6 4698
041 101 40 6 7 1785
041 111 68 6 6 2319
041 101 55 7 7 2846
041 30 33 6 6 5251
041 30 1 6 7 6602
041 111 83 7 7 2159
041 111 75 6 6 2455
041 30 19 7 6 7504
041 111 108 7 7 2402
041 111 72 7 7 1702
041 101 59 7 7 2578
041 101 50 7 7 3521
041 30 35 6 6 5561
041 101 58 7 7 2999
041 30 29 6 6 2631
041 30 3 6 6 4268
041 101 41 6 6 1853
041 30 10 7 7 7241
041 30 21 7 7 3632
041 111 85 6 6 1743
041 30 18 7 7 8631
042 1 1 6 6 7889
042 1 1 7 7 2462
042 1 1 7 7 3033
042 111 96 7 7 4980
042 101 38 6 7 7990
042 30 2 6 6 4735
042 111 81 6 6 2303
042 30 19 7 7 5327
042 30 9 6 6 11891
042 30 32 6 6 2860
042 101 51 7 6 4310
042 30 30 6 6 9747
042 30 23 7 7 4070
042 111 105 6 6 4917
042 111 104 6 6 2592
042 111 102 7 7 3706
042 111 71 7 7 3744
042 111 93 6 6 2137
042 111 84 7 7 1983
042 111 92 6 6 3419
042 111 97 6 7 4442
042 111 80 6 6 2588
042 111 79 6 6 2676
042 101 59 7 7 2397
042 101 44 6 6 5375
042 30 7 6 6 6143
042 30 18 7 6 10430
042 30 33 6 6 5018
042 30 17 7 7 5145
042 111 78 7 7 2602
042 111 64 7 7 1794
042 111 69 6 6 3317
042 101 40 6 6 1589
042 111 82 7 6 2232
042 101 45 6 6 3685
042 111 107 7 7 2708
042 111 66 7 6 10232
042 111 76 7 7 2513
042 30 3 6 6 5569
042 111 108 7 7 1855
042 30 16 7 7 6267
042 30 11 7 6 10341
042 111 75 6 6 2253
042 101 52 7 6 3944
042 111 85 6 7 1938
042 30 35 6 6 3533
042 111 95 7 7 2873
042 30 4 6 6 2390
042 111 63 6 6 2788
042 111 100 7 7 2469
042 101 39 6 6 2569
042 111 83 7 7 3929
042 111 89 7 7 1860
042 111 86 6 6 1937
042 30 26 7 7 2505
042 30 12 7 7 3648
042 30 27 7 7 2387
042 101 58 7 7 2781
042 111 94 7 7 4348
042 30 28 6 6 8544
042 30 24 7 7 3600
042 101 57 7 7 1803
042 101 41 6 6 1880
042 101 50 7 7 4855
042 30 25 7 7 2603
042 30 29 6 6 3297
042 30 14 7 7 2361
042 101 48 6 6 2899
042 30 36 6 6 3915
042 111 73 6 6 3594
042 111 98 6 6 5161
042 111 87 6 6 1852
042 30 1 6 7 4024
042 30 22 7 7 2886
042 111 99 6 6 2631
042 101 54 7 7 2124
042 101 60 7 7 3291
042 101 49 7 7 4374
042 111 72 7 7 1657
042 111 61 6 6 4794
042 30 21 7 7 3874
042 101 53 7 7 8211
042 101 47 6 6 2697
042 101 46 6 6 1972
042 111 106 7 7 2326
042 111 77 7 7 2614
042 111 68 6 7 11456
042 111 65 7 6 2898
042 101 37 6 6 2330
042 111 67 6 7 2446
042 101 55 7 7 2789
042 111 88 7 7 2507
042 111 70 7 7 2232
042 101 56 7 7 2287
042 30 10 7 7 3353
042 30 6 6 7 12636
042 30 34 6 6 3870
042 30 15 7 7 3167
042 111 101 7 7 4293
042 111 74 6 6 2560
042 30 20 7 7 3768
042 101 43 6 6 4057
042 30 8 6 6 2486
042 30 5 6 6 7025
042 111 62 6 6 1723
042 30 13 7 7 2049
042 30 31 6 6 2418
042 101 42 6 6 1844
042 111 103 6 6 3625
042 111 90 7 7 1653
042 111 91 6 6 5484
043 1 1 6 6 2199
043 1 1 7 7 1687
043 1 1 7 6 1992
043 30 6 6 6 5563
043 111 62 6 6 2311
043 111 70 7 7 3231
043 111 76 7 7 3081
043 111 108 7 7 2366
043 101 60 7 7 2467
043 101 46 6 6 3011
043 30 35 6 6 6327
043 101 45 6 6 1838
043 111 67 6 6 3508
043 111 71 7 7 2267
043 111 86 6 6 2105
043 30 15 7 7 3509
043 30 17 7 7 6786
043 111 75 6 6 2004
043 30 19 7 7 5888
043 30 27 7 7 2791
043 30 16 7 7 2568
043 111 81 6 6 1552
043 101 51 7 7 1872
043 111 95 7 7 2202
043 30 30 6 6 4627
043 111 90 7 7 1654
043 30 1 6 7 6017
043 101 52 7 7 1964
043 111 74 6 6 2558
043 101 55 7 7 3419
043 30 14 7 7 2396
043 111 78 7 7 2428
043 111 64 7 7 1692
043 101 39 6 6 1759
043 101 50 7 7 4118
043 111 68 6 6 6807
043 30 25 7 7 2032
043 101 49 7 7 1770
043 111 85 6 6 1966
043 111 79 6 6 2679
043 111 94 7 7 2795
043 30 31 6 6 2875
043 101 41 6 6 1872
043 111 105 6 7 3781
043 30 26 7 7 3149
043 101 43 6 6 2426
043 111 87 6 6 1581
043 30 32 6 7 3735
043 111 63 6 7 5734
043 30 29 6 6 2373
043 30 20 7 7 3239
043 111 72 7 7 1728
043 111 96 7 7 5115
043 101 59 7 7 2599
043 111 98 6 6 5301
043 101 47 6 6 2572
043 111 104 6 6 4635
043 111 84 7 7 1742
043 111 73 6 7 3231
043 111 101 7 7 2265
043 111 99 6 6 3132
043 101 37 6 6 2591
043 30 3 6 6 3341
043 111 89 7 7 1531
043 30 10 7 7 2592
043 30 28 6 6 2854
043 111 61 6 6 4467
043 101 40 6 6 1556
043 30 2 6 6 1762
043 30 5 6 6 3842
043 30 13 7 7 1785
043 30 24 7 7 2309
043 30 9 6 7 4514
043 30 7 6 6 3361
043 111 106 7 7 1816
043 101 38 6 7 2031
043 101 58 7 7 2025
043 101 56 7 7 2096
043 111 83 7 7 2028
043 111 107 7 7 1805
043 101 44 6 6 1986
043 111 88 7 7 2714
043 111 93 6 6 1747
043 111 69 6 7 2060
043 30 22 7 7 2395
043 111 77 7 6 1596
043 101 42 6 6 1832
043 111 66 7 7 1700
043 111 91 6 6 2633
043 101 57 7 7 1804
043 30 12 7 7 1921
043 30 36 6 6 2230
043 30 8 6 6 2002
043 30 11 7 7 5030
043 101 53 7 7 2186
043 111 92 6 6 2270
043 30 21 7 6 4088
043 111 80 6 6 2619
043 101 48 6 6 2107
043 111 97 6 7 2460
043 111 65 7 6 3585
043 101 54 7 7 2056
043 30 18 7 6 3439
043 30 23 7 7 2611
043 111 82 7 7 1868
043 111 102 7 7 2581
043 111 103 6 6 1897
043 30 33 6 7 3321
043 30 4 6 6 4038
043 30 34 6 6 2264
043 111 100 7 7 2627
044 1 1 6 7 6394
044 1 1 7 7 1823
044 1 1 7 7 3415
044 30 12 7 7 2313
044 111 73 6 6 4288
044 111 104 6 6 3154
044 101 43 6 6 1891
044 101 47 6 6 2655
044 30 32 6 6 3024
044 111 94 7 7 3399
044 30 2 6 6 1605
044 111 99 6 6 2459
044 101 54 7 7 3042
044 111 72 7 7 1489
044 111 100 7 7 1858
044 30 10 7 7 4702
044 30 23 7 7 1843
044 101 49 7 7 4446
044 111 63 6 6 1765
044 101 59 7 7 2391
044 101 48 6 6 2185
044 111 67 6 7 2466
044 111 95 7 7 3694
044 111 78 7 7 1626
044 30 14 7 7 1868
044 111 74 6 6 3610
044 30 13 7 7 1616
044 101 53 7 7 2181
044 101 46 6 6 3908
044 111 82 7 7 1599
044 30 6 6 6 3338
044 30 19 7 6 4602
044 30 7 6 6 2372
044 101 37 6 6 4052
044 30 33 6 6 3034
044 111 108 7 7 1632
044 30 15 7 7 2552
044 30 34 6 6 2247
044 101 51 7 6 3913
044 111 106 7 7 2331
044 101 44 6 6 1834
044 111 86 6 6 2589
044 30 27 7 7 1805
044 30 30 6 7 10220
044 111 83 7 6 2538
044 30 3 6 6 2478
044 111 80 6 6 1768
044 30 5 6 6 2406
044 111 77 7 7 1671
044 111 93 6 6 1282
044 111 107 7 7 1262
044 111 71 7 7 1081
044 111 84 7 7 1354
044 111 102 7 7 1879
044 111 98 6 6 1416
044 111 103 6 6 1375
044 30 35 6 6 2048
044 111 62 6 6 1247
044 111 69 6 6 3685
044 30 26 7 7 1918
044 30 29 6 6 1849
044 101 56 7 7 1442
044 30 11 7 6 5781
044 111 92 6 6 1751
044 111 65 7 6 2647
044 30 8 6 6 1249
044 111 79 6 6 1520
044 111 88 7 7 1980
044 101 60 7 7 2247
044 101 58 7 7 1638
044 111 96 7 7 2411
044 101 57 7 7 1346
044 101 52 7 7 1600
044 111 105 6 6 10204
044 111 87 6 6 1302
044 111 75 6 6 2460
044 30 24 7 7 3904
044 30 22 7 7 5959
044 111 91 6 6 1924
044 30 16 7 6 1325
044 111 90 7 7 1494
044 30 25 7 7 1619
044 111 89 7 7 1520
044 111 70 7 7 2025
044 111 81 6 6 1433
044 111 101 7 7 1865
044 101 40 6 6 1254
044 30 17 7 7 3590
044 30 31 6 6 1843
044 30 21 7 6 6983
044 101 55 7 7 7276
044 30 4 6 6 3298
044 111 66 7 7 1544
044 101 50 7 7 2876
044 111 68 6 6 1204
044 101 42 6 6 2288
044 111 61 6 6 1265
044 111 76 7 7 2743
044 30 28 6 6 2673
044 30 9 6 6 2536
044 30 36 6 6 1541
044 30 18 7 6 3573
044 101 45 6 6 5448
044 101 41 6 6 3069
044 101 38 6 6 6665
044 30 20 7 7 3200
044 111 64 7 7 1257
044 30 1 6 7 5251
044 101 39 6 6 1836
044 111 97 6 7 2286
044 111 85 6 6 1377
