001 1 1 6 6 3477
001 1 1 7 7 4824
001 40 75 7 7 3905
001 101 94 7 7 2647
001 27 37 6 6 5950
001 23 24 7 7 9204
001 20 1 6 6 3720
001 40 68 6 6 2452
001 23 19 7 7 2781
001 101 88 6 6 3253
001 40 59 6 6 2313
001 40 71 7 7 3935
001 40 79 7 7 2716
001 28 38 6 6 3814
001 101 85 6 6 3553
001 21 12 7 7 2390
001 21 6 6 6 3351
001 30 50 6 7 7335
001 101 98 7 7 2512
001 101 82 6 6 3261
001 24 28 6 6 3578
001 22 21 7 6 5324
001 20 9 7 7 2347
001 101 81 6 6 6432
001 21 2 6 6 2190
001 101 89 6 7 7172
001 27 47 7 6 4609
001 21 4 6 6 2999
001 30 53 6 6 2558
001 101 83 6 6 8334
001 101 84 6 7 3965
001 40 64 6 6 3341
001 25 41 6 6 3510
001 40 58 6 6 3169
001 101 100 7 7 6576
001 24 29 6 6 2807
001 26 44 7 7 5068
001 40 60 6 6 2253
001 20 11 7 7 3036
001 40 72 7 7 3531
001 22 18 6 6 2089
001 40 66 6 6 2102
001 40 80 7 7 3519
001 24 27 6 6 2882
001 40 63 6 6 2921
001 40 70 7 7 3062
001 40 62 6 6 2030
001 30 51 7 7 2046
001 30 56 7 7 2104
001 25 43 7 6 2675
001 27 45 7 7 5941
001 22 13 6 6 2408
001 24 32 7 6 2062
001 20 3 6 6 3771
001 20 7 7 7 2771
001 24 30 6 6 3841
001 20 5 6 6 2317
001 101 93 7 7 3240
001 23 23 7 7 4732
001 22 17 6 6 2450
001 24 25 6 6 2350
001 28 46 7 6 2786
001 40 73 7 7 4091
001 23 16 6 6 6193
001 40 76 7 7 2802
001 30 49 6 7 6504
001 40 57 6 6 2819
001 40 65 6 6 2334
001 28 40 6 6 4663
001 23 20 7 6 5236
001 24 35 7 7 6499
001 24 36 7 7 6070
001 40 74 7 7 2996
001 40 78 7 7 2952
001 101 96 7 7 3263
001 101 97 7 7 1750
001 21 10 7 7 3264
001 40 67 6 6 4215
001 101 86 6 6 2801
001 22 14 6 6 3236
001 24 31 7 7 2529
001 101 91 7 7 3545
001 21 8 7 6 4092
001 101 99 7 7 5049
001 101 95 7 7 4127
001 40 61 6 6 2049
001 24 26 6 6 3372
001 28 48 7 6 3354
001 24 34 7 7 3748
001 40 77 7 7 2765
001 26 42 6 6 2749
001 30 55 7 7 2185
001 23 15 6 7 3310
001 30 54 7 7 2297
001 22 22 7 7 2151
001 30 52 6 6 4054
001 27 39 6 7 5243
001 40 69 7 7 6830
001 101 87 6 6 2472
001 24 33 7 7 2393
001 101 92 7 7 2059
001 101 90 6 6 3199
002 1 1 6 7 3611
002 1 1 7 7 3114
002 101 95 7 7 2213
002 21 9 7 7 2793
002 101 100 7 7 3392
002 27 44 7 6 2939
002 101 97 7 7 1917
002 101 93 7 7 2056
002 40 80 7 7 2524
002 24 35 7 6 8148
002 23 23 7 6 2744
002 20 8 7 6 2873
002 24 29 6 6 2098
002 40 63 6 7 3756
002 20 6 6 6 2583
002 20 12 7 6 1624
002 40 60 6 6 1937
002 21 5 6 7 3024
002 24 25 6 6 2580
002 40 61 6 6 1599
002 40 71 7 7 2567
002 40 66 6 6 1710
002 25 48 7 6 1888
002 30 56 7 7 1786
002 40 59 6 6 1337
002 20 10 7 7 1973
002 40 76 7 7 1946
002 40 75 7 7 2038
002 22 24 7 6 2256
002 40 62 6 6 1941
002 28 47 7 6 3160
002 40 68 6 6 1418
002 101 91 7 7 1804
002 20 4 6 6 1720
002 101 81 6 6 2091
002 30 54 7 7 1947
002 20 2 6 6 2790
002 40 70 7 7 3664
002 26 41 6 6 2072
002 101 92 7 7 1451
002 23 14 6 6 3508
002 22 17 6 6 2111
002 28 37 6 6 2175
002 24 27 6 6 2236
002 22 13 6 6 1525
002 40 77 7 7 3864
002 21 1 6 6 1909
002 40 58 6 7 1741
002 101 98 7 7 1844
002 101 82 6 6 1425
002 23 22 7 7 1935
002 21 3 6 6 1921
002 101 96 7 7 2061
002 40 79 7 7 2282
002 40 64 6 6 1820
002 40 67 6 6 1973
002 101 89 6 6 1882
002 40 74 7 7 1699
002 40 78 7 7 2100
002 101 90 6 6 1808
002 101 84 6 6 1637
002 40 65 6 6 1678
002 30 53 6 6 1478
002 24 36 7 6 5438
002 23 18 6 6 4494
002 22 21 7 7 1603
002 25 42 6 6 1953
002 30 55 7 7 1932
002 24 32 7 7 2604
002 26 43 7 6 1999
002 22 16 6 7 3061
002 101 94 7 7 2011
002 28 39 6 7 3029
002 101 85 6 6 1618
002 23 15 6 7 1760
002 24 26 6 6 1646
002 40 72 7 7 1801
002 21 7 7 7 1688
002 30 50 6 7 2398
002 24 30 6 6 1823
002 28 45 7 6 2516
002 30 49 6 6 4641
002 22 20 7 6 1886
002 101 83 6 6 2205
002 27 38 6 6 4796
002 101 99 7 6 1934
002 24 33 7 7 2038
002 40 73 7 6 3312
002 21 11 7 7 1964
002 27 46 7 6 4527
002 40 69 7 6 1942
002 101 86 6 6 4025
002 25 40 6 6 3562
002 40 57 6 6 3329
002 101 88 6 6 3419
002 24 31 7 7 2410
002 24 28 6 6 3774
002 24 34 7 7 2957
002 30 51 7 7 1453
002 23 19 7 7 2070
002 30 52 6 6 1913
002 101 87 6 6 1572
003 1 1 6 6 2735
003 1 1 7 7 2782
003 101 92 7 7 2743
003 22 24 7 7 3991
003 25 41 6 6 2407
003 24 29 6 6 3911
003 25 47 7 6 2725
003 22 20 7 7 2178
003 27 45 7 6 3680
003 30 50 6 7 3917
003 25 39 6 6 2184
003 40 69 7 7 3060
003 24 26 6 6 1971
003 24 35 7 7 2778
003 101 87 6 6 1927
003 24 33 7 7 1685
003 21 12 7 7 1786
003 24 31 7 7 2694
003 40 58 6 6 3329
003 27 43 7 7 3068
003 40 79 7 7 2128
003 20 7 7 7 3019
003 26 40 6 6 2291
003 40 64 6 6 3003
003 22 16 6 6 1675
003 30 49 6 6 5854
003 20 3 6 6 2052
003 23 14 6 6 2071
003 20 5 6 6 1448
003 101 85 6 6 2155
003 24 32 7 7 1946
003 101 100 7 7 3313
003 27 37 6 6 2251
003 23 18 6 6 2586
003 40 74 7 7 3988
003 101 86 6 6 2603
003 24 27 6 6 3044
003 101 83 6 6 3337
003 26 48 7 6 2419
003 101 98 7 7 1922
003 30 54 7 7 2565
003 40 71 7 7 6854
003 23 13 6 6 2465
003 101 97 7 7 2127
003 26 42 6 6 4344
003 101 93 7 7 2538
003 22 15 6 7 3781
003 21 2 6 6 3381
003 24 30 6 6 1839
003 40 68 6 6 1635
003 30 56 7 7 2191
003 40 70 7 7 3365
003 40 73 7 7 2901
003 101 88 6 6 2617
003 24 34 7 7 2199
003 24 25 6 6 1953
003 40 59 6 6 1672
003 40 77 7 7 2770
003 24 36 7 7 4062
003 40 72 7 7 1965
003 24 28 6 6 2240
003 101 96 7 7 2166
003 40 61 6 6 2325
003 30 53 6 6 1919
003 101 94 7 7 2242
003 22 19 7 7 2093
003 40 66 6 6 2135
003 101 89 6 6 4936
003 21 8 7 7 1727
003 101 81 6 6 2212
003 21 10 7 7 3095
003 28 38 6 6 2377
003 101 82 6 6 2290
003 40 75 7 7 1880
003 30 55 7 7 1806
003 20 11 7 7 3241
003 30 52 6 6 2586
003 40 67 6 6 3024
003 101 84 6 6 4049
003 40 57 6 6 1877
003 21 4 6 6 4366
003 40 78 7 7 1924
003 20 1 6 6 1798
003 40 65 6 6 1897
003 40 63 6 6 2049
003 23 17 6 6 1754
003 40 80 7 7 2561
003 28 44 7 6 6232
003 21 6 6 6 6082
003 101 95 7 7 2196
003 28 46 7 7 4342
003 101 91 7 7 2254
003 101 90 6 6 2617
003 40 62 6 6 1658
003 23 22 7 7 1849
003 23 21 7 7 2863
003 101 99 7 7 1734
003 40 76 7 7 2226
003 30 51 7 7 1908
003 20 9 7 7 1511
003 22 23 7 7 3916
003 40 60 6 6 2140
004 1 1 6 6 2560
004 1 1 7 7 2199
004 101 88 6 6 1956
004 24 26 6 6 1549
004 28 45 7 6 2106
004 24 25 6 6 1622
004 40 67 6 6 3092
004 26 41 6 6 1788
004 23 17 6 6 1853
004 101 95 7 7 2308
004 40 61 6 6 1601
004 21 3 6 6 1967
004 23 24 7 6 2204
004 25 48 7 6 2042
004 40 75 7 7 1510
004 101 84 6 6 1440
004 25 40 6 6 1986
004 40 62 6 6 1563
004 40 57 6 6 1789
004 40 80 7 7 3447
004 30 55 7 7 1876
004 101 81 6 6 1671
004 101 89 6 6 2719
004 20 2 6 6 1587
004 22 15 6 6 1974
004 24 33 7 7 1697
004 101 82 6 6 2389
004 40 65 6 6 2894
004 21 7 7 6 1098
004 40 66 6 6 1555
004 40 68 6 6 1544
004 40 59 6 6 1308
004 21 9 7 7 1816
004 40 69 7 7 1808
004 24 29 6 6 2424
004 23 16 6 7 1737
004 24 30 6 6 1761
004 22 18 6 6 1595
004 40 78 7 6 3195
004 24 34 7 7 1895
004 101 91 7 7 2782
004 24 36 7 6 3326
004 101 97 7 7 1396
004 40 73 7 7 2122
004 25 46 7 6 2902
004 101 93 7 7 2155
004 20 10 7 6 1761
004 40 77 7 7 1649
004 40 79 7 7 2800
004 101 94 7 7 1553
004 20 4 6 6 2448
004 26 39 6 7 1650
004 30 49 6 6 2678
004 40 58 6 6 1388
004 101 100 7 7 3316
004 21 1 6 6 1789
004 20 6 6 6 1853
004 24 28 6 6 1697
004 26 47 7 7 2322
004 101 96 7 7 1960
004 101 92 7 7 1503
004 101 87 6 6 1394
004 24 32 7 7 1384
004 28 43 7 7 2086
004 40 63 6 6 1556
004 21 11 7 6 1794
004 24 35 7 7 1744
004 30 50 6 7 1417
004 30 54 7 7 1989
004 30 53 6 6 1460
004 24 31 7 7 1482
004 101 98 7 7 1585
004 23 20 7 7 2692
004 23 21 7 7 1835
004 22 19 7 6 1832
004 30 51 7 7 1340
004 101 83 6 7 1535
004 27 42 6 6 1747
004 40 72 7 7 1937
004 40 64 6 6 1798
004 101 86 6 6 1697
004 22 14 6 6 1405
004 21 5 6 6 2038
004 101 90 6 6 1469
004 40 76 7 7 1812
004 24 27 6 6 2175
004 20 8 7 6 3558
004 40 71 7 7 1941
004 22 22 7 7 1728
004 28 37 6 6 1758
004 20 12 7 7 3780
004 30 56 7 7 2842
004 40 60 6 6 1199
004 101 85 6 6 1547
004 40 70 7 6 2916
004 27 44 7 6 1515
004 23 13 6 6 1285
004 22 23 7 7 1949
004 40 74 7 7 1582
004 25 38 6 6 1896
004 101 99 7 7 1662
004 30 52 6 6 1665
005 1 1 6 6 1939
005 1 1 7 7 2952
005 24 33 7 7 3227
005 101 93 7 7 4924
005 21 4 6 7 3323
005 30 55 7 7 5889
005 101 92 7 7 1890
005 25 39 6 6 2408
005 23 24 7 7 2896
005 101 87 6 6 2511
005 23 20 7 6 2300
005 101 100 7 7 6097
005 21 2 6 6 3548
005 27 43 7 6 4011
005 26 46 7 7 3094
005 24 28 6 6 2298
005 26 38 6 6 2565
005 101 99 7 6 5787
005 21 6 6 6 6506
005 24 25 6 6 3336
005 25 37 6 6 2019
005 30 53 6 6 1843
005 23 23 7 7 3358
005 40 73 7 7 3761
005 101 97 7 7 1688
005 24 34 7 7 2988
005 24 32 7 7 1715
005 101 88 6 6 2872
005 22 13 6 6 3149
005 21 8 7 6 4194
005 40 78 7 7 1754
005 40 69 7 7 3060
005 40 64 6 6 3633
005 101 85 6 6 1671
005 23 16 6 6 3414
005 40 63 6 6 2313
005 23 15 6 6 3507
005 101 83 6 6 1631
005 101 81 6 6 2914
005 20 9 7 7 1680
005 101 90 6 6 2707
005 40 60 6 6 1379
005 24 35 7 7 3789
005 21 10 7 7 2225
005 40 61 6 6 3833
005 40 71 7 7 2973
005 24 31 7 7 2226
005 40 72 7 7 3967
005 30 51 7 7 1464
005 101 98 7 7 1997
005 22 18 6 6 1502
005 22 17 6 6 1179
005 40 76 7 6 6625
005 26 40 6 7 2193
005 30 50 6 7 5021
005 101 95 7 7 1788
005 26 48 7 7 2701
005 20 7 7 7 1833
005 28 44 7 7 4590
005 30 56 7 7 2024
005 20 3 6 6 3790
005 101 91 7 7 4574
005 40 67 6 6 5001
005 101 86 6 6 3810
005 40 58 6 6 3083
005 40 57 6 6 2421
005 40 80 7 7 2253
005 40 75 7 7 1833
005 25 47 7 7 2587
005 24 30 6 6 2321
005 22 14 6 6 2794
005 23 19 7 7 2352
005 28 42 6 6 2500
005 101 96 7 7 2449
005 101 89 6 6 3812
005 20 5 6 7 2339
005 40 74 7 6 2070
005 27 41 6 6 2340
005 22 22 7 7 3213
005 40 70 7 7 2308
005 40 59 6 6 1637
005 40 62 6 6 1364
005 101 94 7 7 1905
005 40 77 7 7 3418
005 24 26 6 6 1590
005 20 1 6 6 1458
005 30 49 6 6 3058
005 40 65 6 6 1962
005 30 54 7 7 2332
005 24 36 7 6 3801
005 25 45 7 6 2314
005 40 68 6 6 2590
005 101 84 6 6 2505
005 101 82 6 6 3090
005 24 29 6 6 2434
005 22 21 7 6 2935
005 21 12 7 6 1558
005 20 11 7 6 1395
005 40 66 6 6 1798
005 30 52 6 6 4949
005 24 27 6 6 1949
005 40 79 7 7 1463
006 1 1 6 6 2645
006 1 1 7 7 4436
006 40 61 6 6 2074
006 30 54 7 7 2177
006 101 90 6 6 3100
006 101 99 7 7 3189
006 20 4 6 6 2662
006 24 36 7 7 4556
006 21 11 7 7 2879
006 28 41 6 7 3301
006 40 78 7 7 2166
006 26 39 6 6 3395
006 25 46 7 7 5443
006 101 93 7 7 2270
006 101 94 7 7 2477
006 21 5 6 7 3397
006 23 15 6 7 2559
006 22 17 6 6 1727
006 101 98 7 7 2485
006 101 84 6 6 3697
006 28 43 7 7 3941
006 23 14 6 6 2137
006 20 6 6 7 3743
006 40 71 7 7 5205
006 101 86 6 6 3286
006 26 37 6 6 3000
006 40 66 6 7 3639
006 24 26 6 7 360
006 24 34 7 7 2997
006 27 42 6 6 3415
006 24 30 6 6 3663
006 101 100 7 7 2091
006 23 23 7 6 3260
006 40 64 6 6 2717
006 40 58 6 6 2418
006 101 87 6 6 1542
006 40 76 7 7 2911
006 101 95 7 7 2046
006 30 49 6 7 6866
006 40 73 7 7 2024
006 20 10 7 7 3334
006 27 40 6 6 2287
006 101 97 7 7 1596
006 23 22 7 7 1980
006 24 25 6 6 2795
006 40 63 6 7 3785
006 23 19 7 7 1916
006 25 44 7 6 3802
006 40 59 6 6 1620
006 30 52 6 6 5027
006 101 92 7 7 2012
006 21 1 6 7 4153
006 23 18 6 7 6418
006 22 24 7 7 2665
006 30 55 7 7 4408
006 20 8 7 6 1761
006 21 9 7 7 1609
006 24 28 6 6 2851
006 40 75 7 7 2000
006 40 70 7 7 3276
006 40 60 6 6 1860
006 101 81 6 6 2744
006 101 85 6 6 1808
006 30 50 6 7 5477
006 40 72 7 7 2285
006 25 38 6 6 2796
006 40 57 6 6 1960
006 40 62 6 6 1784
006 21 3 6 6 2232
006 22 20 7 7 3065
006 30 51 7 7 1384
006 40 74 7 7 1974
006 22 16 6 6 2116
006 40 65 6 6 1517
006 26 45 7 7 3607
006 101 96 7 7 3038
006 26 47 7 6 3470
006 101 88 6 6 2164
006 40 79 7 7 3191
006 30 53 6 6 1973
006 20 12 7 6 2459
006 24 35 7 7 2640
006 40 77 7 7 1979
006 20 2 6 6 2760
006 24 29 6 6 4025
006 40 68 6 6 1800
006 24 33 7 7 1978
006 22 13 6 6 2501
006 24 27 6 6 3754
006 40 69 7 7 6100
006 101 82 6 6 1827
006 27 48 7 7 3515
006 101 91 7 7 2060
006 21 7 7 7 1931
006 24 32 7 7 2751
006 24 31 7 7 2361
006 40 67 6 6 3077
006 30 56 7 7 1932
006 22 21 7 7 3072
006 101 89 6 6 2567
006 40 80 7 6 2427
006 101 83 6 6 2397
007 1 1 6 7 2770
007 1 1 7 7 2532
007 24 32 7 7 2018
007 40 63 6 6 2586
007 40 58 6 7 1875
007 24 28 6 6 1883
007 24 30 6 6 1611
007 25 45 7 6 2383
007 21 4 6 7 2137
007 23 18 6 7 3228
007 101 97 7 7 1506
007 28 48 7 7 1800
007 40 62 6 6 1663
007 101 88 6 6 1572
007 40 77 7 7 1595
007 40 68 6 6 1306
007 40 61 6 6 1462
007 20 11 7 7 2918
007 101 83 6 6 2460
007 23 21 7 7 2133
007 40 74 7 7 2100
007 101 99 7 7 1705
007 30 52 6 6 1629
007 24 34 7 7 1911
007 101 92 7 7 1507
007 26 44 7 7 2423
007 24 29 6 6 2360
007 40 71 7 7 3492
007 30 49 6 7 5110
007 30 51 7 7 3565
007 21 8 7 7 4707
007 22 19 7 6 1849
007 101 91 7 7 2096
007 101 84 6 7 2245
007 40 67 6 6 2118
007 24 36 7 7 2453
007 23 22 7 7 3353
007 40 80 7 7 2429
007 101 85 6 6 1640
007 23 13 6 6 1731
007 40 79 7 7 1534
007 22 24 7 6 2684
007 101 96 7 7 1703
007 40 57 6 7 2035
007 30 55 7 7 1994
007 20 1 6 6 3404
007 20 5 6 6 3012
007 24 25 6 6 2186
007 22 16 6 6 1586
007 21 2 6 6 3338
007 28 40 6 6 2047
007 24 26 6 6 1354
007 22 15 6 7 2302
007 24 27 6 6 1527
007 22 20 7 7 1689
007 40 73 7 7 2654
007 24 35 7 7 2264
007 24 33 7 7 1974
007 101 86 6 6 2037
007 20 9 7 7 1731
007 101 93 7 7 2061
007 21 6 6 7 2276
007 23 14 6 6 1129
007 101 95 7 7 1588
007 40 76 7 7 1669
007 101 100 7 7 1744
007 30 56 7 7 1522
007 40 66 6 6 1881
007 26 38 6 6 1979
007 27 47 7 6 2093
007 40 72 7 7 1922
007 40 60 6 6 1305
007 28 42 6 6 1799
007 21 10 7 7 2231
007 30 50 6 7 7644
007 25 37 6 7 3338
007 101 90 6 6 1736
007 101 82 6 6 1470
007 30 54 7 7 1810
007 26 46 7 7 1954
007 101 98 7 7 1627
007 27 41 6 6 2759
007 40 70 7 7 2705
007 101 89 6 6 5665
007 40 69 7 7 2191
007 40 64 6 6 2098
007 22 23 7 6 1679
007 20 3 6 7 3013
007 40 78 7 7 1967
007 101 87 6 6 1293
007 40 59 6 6 1265
007 24 31 7 6 2742
007 25 43 7 7 2033
007 101 81 6 6 2040
007 27 39 6 6 3157
007 40 65 6 6 1647
007 30 53 6 6 1890
007 23 17 6 6 1313
007 21 12 7 6 1593
007 20 7 7 7 2738
007 101 94 7 7 2054
007 40 75 7 7 1661
008 1 1 6 6 2806
008 1 1 7 7 3770
008 40 74 7 6 2453
008 25 42 6 6 6063
008 20 4 6 6 5099
008 40 67 6 7 3727
008 40 72 7 6 1970
008 24 34 7 7 1934
008 40 64 6 6 2121
008 40 70 7 7 3891
008 101 88 6 6 2588
008 24 28 6 6 1901
008 30 53 6 6 2453
008 20 12 7 6 3491
008 24 36 7 7 5481
008 26 37 6 6 4201
008 40 63 6 7 4354
008 101 95 7 7 1970
008 21 3 6 7 2774
008 40 76 7 7 3232
008 23 20 7 7 2567
008 101 97 7 7 1422
008 40 58 6 7 3660
008 24 32 7 7 2595
008 101 84 6 6 2319
008 26 43 7 6 2932
008 101 81 6 6 2178
008 40 75 7 6 2841
008 21 11 7 7 2719
008 30 55 7 7 2073
008 24 25 6 6 2448
008 22 15 6 6 1523
008 40 59 6 6 2403
008 101 90 6 6 2839
008 101 98 7 7 1761
008 101 96 7 7 1609
008 24 31 7 7 1720
008 101 99 7 6 3913
008 23 13 6 6 3707
008 27 38 6 6 2836
008 24 30 6 6 1921
008 20 6 6 6 1523
008 40 71 7 6 4107
008 21 7 7 7 1877
008 24 27 6 6 1780
008 22 14 6 6 2946
008 24 33 7 7 1993
008 101 85 6 6 1799
008 23 16 6 7 5683
008 40 78 7 7 2074
008 23 21 7 6 2242
008 40 61 6 6 1495
008 21 5 6 6 1776
008 28 39 6 6 3386
008 21 1 6 6 1608
008 40 60 6 7 4115
008 20 2 6 6 1662
008 40 68 6 6 2891
008 40 69 7 7 2881
008 22 22 7 7 3284
008 101 93 7 7 2399
008 40 62 6 6 1858
008 28 41 6 7 6230
008 30 56 7 7 1885
008 27 48 7 7 1918
008 20 10 7 7 2734
008 30 51 7 7 1372
008 40 80 7 7 2583
008 26 45 7 6 2524
008 28 47 7 7 3607
008 22 23 7 7 2736
008 27 40 6 6 2129
008 20 8 7 7 3483
008 101 94 7 7 2265
008 40 77 7 7 1579
008 101 91 7 7 1875
008 40 73 7 7 1671
008 101 83 6 6 2623
008 40 66 6 6 3000
008 27 46 7 7 4010
008 24 35 7 7 2609
008 101 86 6 6 1855
008 30 52 6 6 1791
008 40 65 6 6 2073
008 22 18 6 6 1497
008 101 100 7 7 2166
008 23 17 6 6 1664
008 23 24 7 6 4785
008 30 50 6 7 5684
008 40 57 6 6 2960
008 101 89 6 6 3259
008 101 92 7 7 1890
008 30 49 6 6 5253
008 22 19 7 7 2430
008 24 26 6 6 1689
008 24 29 6 6 2223
008 101 87 6 6 1563
008 101 82 6 6 1631
008 21 9 7 7 1777
008 40 79 7 7 3610
008 25 44 7 6 3925
008 30 54 7 7 3061
009 1 1 6 6 2659
009 1 1 7 6 6527
009 28 46 7 7 3569
009 30 56 7 7 2704
009 101 86 6 6 2866
009 21 4 6 7 5274
009 101 96 7 7 2343
009 21 2 6 6 3097
009 101 89 6 6 4474
009 20 5 6 6 3741
009 40 72 7 7 2700
009 30 53 6 6 1600
009 22 22 7 7 4792
009 40 71 7 7 2983
009 40 59 6 6 1709
009 24 25 6 6 2443
009 21 12 7 7 2081
009 40 78 7 7 2043
009 40 64 6 6 2950
009 24 34 7 7 2063
009 101 81 6 6 3349
009 101 84 6 6 1661
009 101 85 6 6 1823
009 21 6 6 6 2531
009 23 15 6 7 3067
009 21 8 7 6 5168
009 23 23 7 7 4244
009 20 1 6 6 3331
009 28 48 7 7 5192
009 25 43 7 6 2514
009 24 33 7 7 2647
009 20 9 7 7 2099
009 101 94 7 7 2540
009 40 77 7 7 1686
009 25 41 6 7 2718
009 40 60 6 7 2260
009 101 100 7 7 5009
009 23 24 7 7 3130
009 40 69 7 6 1900
009 30 49 6 7 5891
009 22 13 6 6 1888
009 27 47 7 6 3908
009 22 21 7 7 1895
009 27 45 7 6 2435
009 30 55 7 7 1824
009 20 11 7 6 1416
009 40 70 7 7 5285
009 24 35 7 7 3377
009 23 20 7 7 2518
009 24 26 6 6 2111
009 101 93 7 7 2529
009 40 62 6 6 3050
009 40 57 6 6 4174
009 24 28 6 6 2625
009 101 88 6 6 2263
009 40 76 7 7 2286
009 40 80 7 6 2028
009 101 83 6 6 2899
009 30 50 6 7 5252
009 22 14 6 7 2757
009 24 36 7 6 5977
009 26 44 7 7 3147
009 27 39 6 7 3466
009 101 82 6 6 3019
009 26 42 6 6 3307
009 24 31 7 7 1936
009 28 38 6 6 2864
009 40 63 6 6 2607
009 30 52 6 6 2642
009 101 90 6 6 2465
009 101 91 7 7 4571
009 101 97 7 7 1780
009 40 66 6 6 5873
009 30 54 7 6 3849
009 22 18 6 6 1879
009 27 37 6 6 3934
009 40 73 7 7 1838
009 30 51 7 7 1894
009 40 58 6 6 2764
009 40 65 6 6 1988
009 40 79 7 7 1892
009 40 67 6 6 3689
009 23 16 6 6 2938
009 21 10 7 7 2616
009 40 74 7 7 6215
009 24 29 6 6 2345
009 101 98 7 7 1794
009 22 17 6 6 1915
009 40 61 6 6 1984
009 101 99 7 6 3629
009 40 68 6 6 1680
009 101 92 7 7 3550
009 28 40 6 6 2692
009 20 7 7 7 1759
009 101 95 7 7 2794
009 24 30 6 6 2174
009 24 32 7 7 1997
009 20 3 6 7 3238
009 101 87 6 6 1567
009 24 27 6 6 2334
009 40 75 7 7 4668
009 23 19 7 7 1422
010 1 1 6 6 3235
010 1 1 7 7 2221
010 30 49 6 7 1835
010 101 100 7 7 2922
010 101 81 6 6 5564
010 27 38 6 6 2488
010 40 68 6 6 1836
010 21 9 7 7 2468
010 40 61 6 6 5259
010 20 12 7 6 2754
010 24 29 6 6 2021
010 40 63 6 6 1724
010 40 71 7 6 6604
010 28 45 7 7 5019
010 30 52 6 6 1902
010 101 88 6 6 1525
010 20 4 6 6 3103
010 24 32 7 7 3239
010 40 80 7 7 2568
010 22 21 7 7 4492
010 20 6 6 7 6808
010 26 41 6 6 4121
010 101 85 6 6 2346
010 21 1 6 6 1323
010 27 44 7 7 4396
010 40 58 6 7 2412
010 27 46 7 7 3305
010 28 39 6 7 3897
010 101 87 6 6 1467
010 23 22 7 7 2267
010 30 51 7 7 2036
010 30 55 7 7 1977
010 40 79 7 7 2238
010 24 28 6 6 1487
010 22 24 7 7 4818
010 40 59 6 6 2179
010 101 94 7 7 1919
010 30 50 6 6 1465
010 21 7 7 7 5884
010 40 77 7 7 1478
010 30 53 6 6 2166
010 101 86 6 6 2520
010 101 84 6 6 4915
010 23 18 6 6 2091
010 30 56 7 7 2801
010 21 11 7 7 5539
010 23 14 6 6 2476
010 23 15 6 7 3820
010 20 10 7 7 1460
010 101 95 7 7 1550
010 101 96 7 7 1873
010 40 69 7 7 2891
010 101 97 7 7 1294
010 101 98 7 7 1550
010 22 16 6 6 1721
010 20 8 7 7 1781
010 24 25 6 6 1894
010 25 48 7 6 1691
010 40 73 7 7 2075
010 40 66 6 6 2613
010 28 37 6 6 2436
010 20 2 6 6 1515
010 24 31 7 7 4525
010 40 62 6 7 5755
010 40 78 7 7 1887
010 40 65 6 6 1562
010 22 17 6 6 1487
010 22 20 7 7 6098
010 24 35 7 7 6458
010 24 33 7 7 2538
010 23 23 7 7 2430
010 101 91 7 7 1937
010 24 27 6 6 2716
010 23 19 7 7 4214
010 101 89 6 6 2247
010 40 76 7 7 1495
010 24 26 6 6 1744
010 101 99 7 7 1707
010 40 60 6 6 1450
010 40 57 6 6 3876
010 25 40 6 6 1724
010 40 70 7 7 2554
010 101 93 7 7 2069
010 101 83 6 6 8970
010 24 36 7 6 5714
010 21 5 6 6 1994
010 40 74 7 7 2234
010 40 75 7 7 1646
010 22 13 6 6 3646
010 26 43 7 6 8102
010 40 67 6 6 2353
010 24 30 6 6 1851
010 40 64 6 6 3061
010 28 47 7 7 4460
010 101 82 6 6 1915
010 101 92 7 7 1692
010 101 90 6 7 1893
010 40 72 7 7 1383
010 21 3 6 6 1670
010 24 34 7 7 1631
010 30 54 7 7 2526
010 25 42 6 7 2841
011 1 1 6 6 4101
011 1 1 7 7 4542
011 26 42 6 6 5392
011 101 93 7 7 3415
011 101 90 6 6 3363
011 20 9 7 7 2344
011 24 34 7 7 2442
011 24 32 7 7 2379
011 21 4 6 7 2224
011 20 7 7 6 2323
011 24 36 7 6 6567
011 40 58 6 7 7113
011 101 97 7 7 2696
011 22 23 7 6 2727
011 23 18 6 6 3696
011 24 31 7 7 2257
011 101 84 6 6 2472
011 101 86 6 6 5592
011 30 49 6 6 7064
011 101 92 7 7 2282
011 101 82 6 6 2186
011 40 74 7 7 3013
011 21 6 6 6 2892
011 30 53 6 6 2321
011 40 80 7 7 3012
011 101 81 6 6 3222
011 40 79 7 7 7378
011 30 52 6 6 3757
011 28 46 7 6 4703
011 21 10 7 7 3515
011 101 98 7 7 3153
011 22 24 7 7 5911
011 24 26 6 6 2411
011 22 16 6 6 1787
011 40 63 6 6 2629
011 22 19 7 7 2423
011 23 13 6 6 1591
011 101 89 6 6 2233
011 26 48 7 6 4312
011 40 65 6 6 1964
011 22 20 7 6 2209
011 101 99 7 6 4494
011 40 61 6 6 1943
011 24 33 7 7 2347
011 40 75 7 6 3531
011 101 95 7 7 1779
011 27 45 7 6 2578
011 40 72 7 7 4620
011 40 69 7 6 2714
011 24 27 6 6 3266
011 20 5 6 7 2944
011 21 2 6 6 3908
011 30 50 6 6 2612
011 101 88 6 6 2552
011 30 56 7 7 2178
011 24 29 6 6 2617
011 23 22 7 7 2343
011 101 87 6 6 2422
011 40 68 6 6 1842
011 28 44 7 6 3050
011 21 8 7 7 2639
011 101 83 6 6 2899
011 24 28 6 6 2367
011 40 66 6 6 2301
011 28 38 6 6 3404
011 40 64 6 6 4618
011 30 54 7 7 2153
011 26 40 6 6 2192
011 101 85 6 6 2103
011 40 76 7 7 3780
011 23 21 7 7 2994
011 25 39 6 6 2345
011 24 35 7 7 3057
011 40 67 6 6 4180
011 40 70 7 7 2908
011 30 55 7 7 3230
011 40 60 6 6 1745
011 101 94 7 7 3374
011 40 59 6 6 1738
011 40 78 7 6 2292
011 40 62 6 6 2288
011 40 73 7 7 2785
011 24 25 6 6 2464
011 25 41 6 6 2659
011 20 1 6 6 2760
011 40 71 7 7 2704
011 23 17 6 6 2069
011 40 77 7 7 2198
011 101 100 7 6 4723
011 20 11 7 7 2158
011 22 15 6 6 2462
011 101 91 7 7 2971
011 24 30 6 6 2001
011 27 43 7 6 2934
011 27 37 6 6 2966
011 40 57 6 6 2226
011 25 47 7 6 2947
011 30 51 7 7 1811
011 23 14 6 6 7981
011 20 3 6 7 3174
011 21 12 7 6 1534
011 101 96 7 7 3942
012 1 1 6 6 4818
012 1 1 7 7 4455
012 23 16 6 7 2943
012 40 74 7 7 4329
012 24 33 7 7 2458
012 22 22 7 7 2253
012 40 68 6 6 2391
012 101 81 6 6 3419
012 101 94 7 7 2041
012 30 54 7 7 1508
012 40 59 6 6 1801
012 40 73 7 7 2415
012 24 34 7 7 2000
012 22 15 6 7 2490
012 101 86 6 6 2481
012 101 85 6 6 2146
012 40 62 6 6 1873
012 101 98 7 7 1635
012 101 96 7 7 2129
012 23 13 6 6 2679
012 27 44 7 7 4016
012 23 20 7 7 3132
012 20 12 7 7 2726
012 24 26 6 6 2197
012 40 70 7 7 3600
012 21 5 6 7 2349
012 40 75 7 7 1841
012 28 37 6 6 3805
012 30 52 6 6 2424
012 101 82 6 6 1583
012 101 91 7 7 1661
012 20 2 6 7 2614
012 40 65 6 6 1474
012 25 46 7 6 3633
012 24 31 7 7 2142
012 22 14 6 6 2749
012 101 92 7 7 1727
012 24 30 6 6 1818
012 30 50 6 6 1584
012 28 43 7 7 3256
012 26 41 6 7 2109
012 21 9 7 7 1797
012 23 24 7 7 1990
012 28 45 7 6 3024
012 40 66 6 7 2673
012 40 78 7 7 2225
012 21 1 6 6 2350
012 40 71 7 7 2230
012 101 93 7 7 2056
012 25 40 6 7 3272
012 40 77 7 7 2582
012 101 87 6 6 1428
012 21 3 6 7 1795
012 22 23 7 7 3761
012 24 36 7 6 4255
012 30 55 7 7 1426
012 40 79 7 7 2106
012 30 49 6 7 1446
012 22 19 7 7 2070
012 101 83 6 6 2047
012 26 47 7 7 3063
012 30 51 7 7 1843
012 101 89 6 7 5469
012 20 6 6 6 5049
012 21 7 7 6 2122
012 24 35 7 7 6977
012 30 53 6 7 3745
012 25 38 6 6 4793
012 27 42 6 7 2940
012 40 76 7 7 2882
012 40 69 7 7 5954
012 40 58 6 6 4278
012 24 25 6 6 3153
012 30 56 7 7 2051
012 40 67 6 6 4091
012 101 90 6 6 1854
012 40 57 6 6 2008
012 24 28 6 6 3659
012 21 11 7 7 1823
012 40 60 6 6 1444
012 22 18 6 6 1713
012 101 88 6 6 1553
012 40 64 6 6 2052
012 40 63 6 6 4078
012 101 95 7 7 1614
012 20 8 7 7 3806
012 20 4 6 7 4703
012 101 99 7 7 1653
012 40 80 7 7 2018
012 23 17 6 6 3667
012 101 84 6 6 4309
012 40 72 7 7 2399
012 101 97 7 7 1687
012 101 100 7 7 3025
012 40 61 6 6 1634
012 24 32 7 7 2008
012 20 10 7 7 2413
012 23 21 7 7 4355
012 26 39 6 7 3564
012 25 48 7 7 2837
012 24 29 6 7 2711
012 24 27 6 6 3460
013 1 1 6 6 2138
013 1 1 7 7 3460
013 101 91 7 7 2479
013 26 46 7 7 4710
013 40 72 7 7 4228
013 21 12 7 7 3120
013 23 23 7 7 5204
013 24 27 6 6 4458
013 101 99 7 7 3550
013 21 4 6 7 7016
013 40 77 7 7 3344
013 25 37 6 6 9133
013 25 39 6 6 3786
013 24 30 6 6 3785
013 26 38 6 6 3998
013 24 26 6 6 2733
013 101 90 6 6 2687
013 20 3 6 7 6043
013 101 82 6 6 2098
013 26 48 7 7 5224
013 24 34 7 7 2166
013 22 14 6 6 1950
013 40 75 7 7 2688
013 40 62 6 6 4832
013 40 64 6 6 2792
013 25 45 7 7 3804
013 101 81 6 6 4285
013 101 84 6 6 2343
013 30 50 6 6 2124
013 40 79 7 7 2284
013 24 36 7 6 8706
013 40 68 6 6 1787
013 27 43 7 7 3883
013 40 67 6 6 4812
013 21 10 7 7 2800
013 23 20 7 7 3430
013 40 61 6 6 3598
013 101 86 6 6 4055
013 101 97 7 7 1897
013 40 65 6 6 2726
013 22 13 6 6 2833
013 101 87 6 6 1753
013 101 83 6 6 2480
013 23 16 6 7 4207
013 23 24 7 7 4619
013 20 7 7 7 2895
013 101 85 6 6 1876
013 30 51 7 7 2481
013 23 15 6 7 2863
013 30 53 6 7 4197
013 30 54 7 7 2439
013 28 42 6 6 4070
013 21 2 6 7 3215
013 40 69 7 7 5065
013 22 18 6 6 2862
013 40 60 6 6 2343
013 21 6 6 6 2530
013 101 96 7 7 2865
013 40 80 7 7 2452
013 101 100 7 7 2702
013 40 57 6 6 2398
013 24 33 7 7 2445
013 24 35 7 7 3335
013 20 1 6 6 2569
013 30 55 7 7 2769
013 28 44 7 6 2902
013 40 78 7 7 2072
013 25 47 7 7 3152
013 22 21 7 7 6860
013 40 76 7 7 3202
013 24 31 7 7 2600
013 101 93 7 7 2912
013 101 92 7 7 2001
013 27 41 6 6 6330
013 101 94 7 7 2643
013 40 73 7 6 2862
013 40 70 7 7 3941
013 24 32 7 7 2377
013 24 28 6 6 2418
013 40 66 6 6 2695
013 40 59 6 6 2265
013 30 56 7 7 1894
013 101 88 6 6 4057
013 40 63 6 6 2906
013 101 95 7 7 2070
013 24 25 6 6 2314
013 101 98 7 7 5590
013 21 8 7 7 4799
013 26 40 6 6 4468
013 30 49 6 7 3101
013 23 19 7 7 2480
013 101 89 6 6 7144
013 22 22 7 7 2565
013 24 29 6 6 3428
013 40 71 7 7 2600
013 20 9 7 7 2405
013 20 11 7 7 2695
013 40 58 6 6 4343
013 30 52 6 6 2655
013 40 74 7 7 3356
013 22 17 6 6 2182
013 20 5 6 6 3660
014 1 1 6 6 2497
014 1 1 7 7 5138
014 30 53 6 6 1810
014 23 18 6 6 2029
014 101 89 6 6 2173
014 24 32 7 7 2164
014 26 45 7 6 3995
014 101 94 7 7 2574
014 30 52 6 6 1955
014 24 36 7 6 3688
014 28 41 6 6 4613
014 30 54 7 7 2059
014 23 23 7 7 3189
014 101 92 7 7 1908
014 40 69 7 7 4156
014 30 56 7 7 1732
014 101 86 6 6 1999
014 101 100 7 7 1697
014 24 33 7 7 1884
014 40 75 7 7 2288
014 101 90 6 6 4098
014 101 83 6 6 1745
014 28 43 7 7 2212
014 25 44 7 7 1941
014 40 73 7 7 3016
014 40 71 7 7 2717
014 40 60 6 6 1617
014 30 55 7 7 1574
014 24 28 6 6 5177
014 101 93 7 7 1940
014 40 62 6 6 3059
014 23 14 6 6 4012
014 21 11 7 7 2189
014 21 9 7 6 1588
014 22 17 6 6 1528
014 21 1 6 6 2351
014 40 68 6 6 2840
014 101 91 7 7 3248
014 20 2 6 6 5424
014 20 8 7 7 2612
014 25 46 7 7 2411
014 40 74 7 7 1621
014 40 67 6 6 2264
014 40 57 6 6 1759
014 21 3 6 6 8316
014 22 16 6 6 2573
014 22 20 7 7 1676
014 21 7 7 7 2165
014 26 39 6 6 3125
014 40 64 6 6 2296
014 20 10 7 7 2135
014 24 35 7 7 3551
014 23 15 6 7 6925
014 40 79 7 7 1814
014 24 27 6 6 2883
014 24 26 6 6 2016
014 40 77 7 7 1758
014 20 12 7 7 1973
014 101 98 7 7 2241
014 40 70 7 7 3420
014 22 13 6 6 1619
014 40 72 7 7 1688
014 21 5 6 6 1576
014 26 37 6 6 2478
014 101 84 6 6 1864
014 24 29 6 6 2200
014 40 65 6 6 2035
014 24 30 6 6 1452
014 40 78 7 7 1861
014 22 24 7 7 4770
014 30 50 6 6 1409
014 30 49 6 7 3275
014 23 22 7 7 1750
014 27 42 6 6 2305
014 27 40 6 6 6817
014 101 87 6 6 1516
014 101 82 6 6 1519
014 30 51 7 7 2161
014 24 25 6 6 1489
014 40 66 6 6 2069
014 101 96 7 7 1935
014 23 19 7 7 2440
014 40 59 6 6 1700
014 20 6 6 6 1909
014 24 31 7 7 1699
014 101 95 7 7 1430
014 101 99 7 7 1427
014 40 63 6 6 1730
014 22 21 7 7 1619
014 101 85 6 6 1779
014 101 88 6 6 1652
014 101 81 6 6 2742
014 40 80 7 7 2736
014 40 58 6 6 1363
014 40 76 7 7 1397
014 27 48 7 7 2745
014 101 97 7 7 1136
014 40 61 6 6 1702
014 26 47 7 7 6092
014 25 38 6 6 1956
014 24 34 7 7 1904
014 20 4 6 7 2592
015 1 1 6 6 2972
015 1 1 7 7 3259
015 40 60 6 7 6526
015 22 20 7 6 3480
015 20 5 6 6 2309
015 20 3 6 7 3688
015 30 56 7 7 1803
015 101 96 7 7 2550
015 23 13 6 6 3809
015 40 68 6 6 2321
015 101 98 7 7 2354
015 22 16 6 6 2765
015 40 66 6 6 1532
015 21 4 6 6 4145
015 22 19 7 7 2150
015 22 15 6 6 2602
015 40 77 7 7 3069
015 30 51 7 7 1666
015 40 72 7 7 2444
015 24 35 7 6 5999
015 40 67 6 6 5811
015 101 92 7 7 1908
015 101 99 7 7 6439
015 28 40 6 6 3805
015 20 9 7 7 1890
015 23 14 6 6 11413
015 101 100 7 7 3619
015 30 49 6 7 2413
015 25 37 6 7 4593
015 23 17 6 6 1950
015 23 22 7 6 3327
015 101 84 6 6 6885
015 24 28 6 6 2289
015 26 38 6 6 6494
015 101 83 6 6 2059
015 101 93 7 7 2556
015 40 61 6 6 5999
015 24 27 6 6 2679
015 40 70 7 7 2759
015 40 69 7 6 8182
015 24 36 7 6 7674
015 27 41 6 6 5637
015 23 21 7 7 4151
015 40 80 7 7 2856
015 101 87 6 6 1590
015 21 10 7 7 1953
015 21 12 7 7 2099
015 101 82 6 6 2121
015 24 34 7 6 5528
015 30 55 7 7 2362
015 40 57 6 6 3352
015 28 42 6 6 2442
015 24 30 6 6 4289
015 101 90 6 6 2605
015 40 59 6 6 1956
015 40 58 6 7 1430
015 27 39 6 6 2940
015 20 7 7 6 2322
015 26 46 7 7 2739
015 40 76 7 7 3743
015 101 94 7 7 2372
015 21 8 7 7 2888
015 101 91 7 7 2012
015 26 44 7 7 3744
015 24 33 7 7 7271
015 40 71 7 7 5816
015 24 29 6 6 3397
015 30 53 6 6 2092
015 40 78 7 7 2238
015 40 74 7 6 5000
015 22 23 7 7 7522
015 23 18 6 6 5307
015 20 1 6 6 2528
015 27 47 7 7 4543
015 40 63 6 7 2528
015 22 24 7 7 4425
015 25 43 7 6 8232
015 101 86 6 6 2862
015 40 75 7 6 8632
015 101 81 6 6 2499
015 101 88 6 6 2244
015 40 62 6 6 3133
015 40 73 7 7 7842
015 40 79 7 7 2024
015 101 89 6 6 1869
015 101 95 7 7 1732
015 24 25 6 6 3462
015 24 32 7 7 4291
015 20 11 7 7 2315
015 24 31 7 6 2063
015 21 2 6 6 1950
015 28 48 7 6 6102
015 24 26 6 6 2356
015 40 65 6 6 3579
015 30 50 6 6 1840
015 101 97 7 7 1970
015 101 85 6 6 2400
015 30 54 7 7 2066
015 21 6 6 7 3192
015 40 64 6 6 2872
015 25 45 7 6 3750
015 30 52 6 6 2573
016 1 1 6 6 3745
016 1 1 7 7 2477
016 40 59 6 6 2183
016 20 6 6 6 1522
016 20 4 6 6 1704
016 40 65 6 6 2500
016 27 48 7 7 2008
016 26 37 6 6 4078
016 101 86 6 6 1550
016 40 75 7 7 4355
016 22 23 7 7 3281
016 24 35 7 7 2034
016 40 72 7 7 1825
016 101 88 6 6 1594
016 20 12 7 7 2529
016 101 97 7 7 1730
016 101 96 7 7 1760
016 24 30 6 6 2021
016 40 68 6 6 1554
016 40 78 7 7 1661
016 21 7 7 7 2768
016 27 40 6 6 2278
016 30 52 6 6 2067
016 101 91 7 7 1854
016 24 26 6 6 1469
016 40 62 6 6 1501
016 20 2 6 7 3003
016 101 93 7 7 1813
016 40 76 7 7 1635
016 24 25 6 6 1610
016 30 54 7 7 1654
016 24 28 6 6 1309
016 23 20 7 7 2510
016 25 42 6 6 2069
016 22 15 6 6 1496
016 24 27 6 6 1700
016 21 9 7 7 1468
016 101 90 6 6 2606
016 24 36 7 6 4501
016 23 21 7 7 3775
016 40 79 7 7 5427
016 101 87 6 6 1553
016 21 1 6 6 1351
016 40 80 7 7 2062
016 24 29 6 7 401
016 40 61 6 6 1673
016 30 50 6 6 1524
016 40 70 7 7 2227
016 40 74 7 7 1610
016 30 51 7 7 1467
016 101 92 7 7 1825
016 27 46 7 7 2612
016 101 81 6 6 2373
016 22 22 7 7 1648
016 25 44 7 6 3509
016 26 45 7 6 3393
016 23 16 6 7 1651
016 20 8 7 7 1621
016 21 11 7 7 1454
016 24 34 7 7 2174
016 20 10 7 7 3355
016 40 63 6 6 1868
016 40 71 7 7 4618
016 40 73 7 7 1932
016 101 100 7 7 3880
016 21 5 6 6 1578
016 26 43 7 6 2604
016 101 95 7 7 1531
016 24 31 7 7 4782
016 101 94 7 7 1701
016 23 24 7 7 2523
016 40 69 7 7 1876
016 27 38 6 6 1806
016 40 66 6 6 2404
016 23 17 6 6 1511
016 28 41 6 6 2407
016 28 39 6 6 2454
016 101 82 6 6 1499
016 101 83 6 6 1690
016 40 67 6 6 2428
016 30 56 7 7 1531
016 30 53 6 6 1400
016 24 32 7 7 1630
016 30 49 6 7 1293
016 40 64 6 6 1346
016 101 85 6 6 2275
016 22 19 7 7 1287
016 40 77 7 7 1835
016 30 55 7 7 1679
016 24 33 7 7 1344
016 23 13 6 6 1657
016 21 3 6 6 1490
016 28 47 7 7 1846
016 101 98 7 7 1626
016 101 99 7 7 1435
016 101 89 6 7 3074
016 101 84 6 6 2061
016 40 58 6 6 1427
016 40 57 6 6 1467
016 22 18 6 6 1422
016 40 60 6 6 1166
016 22 14 6 6 1578
017 1 1 6 6 3077
017 1 1 7 7 3115
017 22 14 6 6 3541
017 28 38 6 6 3898
017 20 5 6 6 2475
017 22 22 7 7 2055
017 40 65 6 6 3030
017 27 39 6 7 3495
017 40 63 6 6 4541
017 24 26 6 6 2161
017 27 37 6 7 5007
017 21 10 7 7 2265
017 24 27 6 6 3169
017 101 95 7 7 2119
017 22 21 7 6 2404
017 40 62 6 6 1896
017 101 84 6 7 4141
017 21 12 7 6 2425
017 40 72 7 6 4356
017 101 92 7 7 2987
017 101 96 7 7 2261
017 101 87 6 6 1830
017 30 55 7 7 2285
017 40 67 6 6 4264
017 21 2 6 6 2170
017 24 36 7 6 8686
017 40 66 6 6 3210
017 24 29 6 6 3491
017 40 68 6 6 3858
017 21 4 6 6 2123
017 23 24 7 7 3110
017 24 25 6 6 2407
017 30 54 7 7 3418
017 24 32 7 7 2649
017 101 89 6 7 4836
017 40 57 6 6 2031
017 40 69 7 7 3633
017 101 83 6 6 3404
017 23 23 7 7 3232
017 101 88 6 6 2275
017 30 56 7 7 1965
017 28 46 7 6 3685
017 101 85 6 6 2131
017 30 53 6 6 1532
017 30 49 6 7 2675
017 30 52 6 6 3185
017 25 43 7 6 3617
017 101 82 6 6 2744
017 101 81 6 6 2983
017 101 97 7 7 2071
017 40 78 7 7 2359
017 22 13 6 6 2159
017 40 61 6 6 1989
017 21 6 6 6 1986
017 101 91 7 7 3580
017 20 3 6 6 2956
017 40 71 7 7 3492
017 24 33 7 7 2680
017 22 17 6 6 2126
017 40 70 7 7 6666
017 23 15 6 7 2623
017 24 34 7 7 2337
017 40 73 7 7 6610
017 40 77 7 7 2924
017 30 50 6 6 2055
017 40 64 6 6 2256
017 101 100 7 7 2304
017 28 48 7 6 3757
017 22 18 6 6 2053
017 24 31 7 7 1913
017 23 16 6 6 4732
017 40 75 7 7 3797
017 28 40 6 6 2867
017 24 35 7 7 2077
017 26 42 6 6 2749
017 23 20 7 6 1548
017 101 98 7 7 2021
017 27 47 7 6 2214
017 26 44 7 7 3829
017 20 1 6 6 2662
017 101 90 6 6 2354
017 24 28 6 6 2442
017 40 80 7 7 2367
017 40 59 6 6 1660
017 40 79 7 7 1327
017 20 7 7 6 3154
017 40 58 6 6 3804
017 40 76 7 7 2236
017 21 8 7 6 2545
017 25 41 6 6 2432
017 101 86 6 6 2159
017 40 74 7 7 5445
017 20 11 7 7 3406
017 101 93 7 7 2169
017 23 19 7 7 1597
017 40 60 6 6 3207
017 27 45 7 6 2548
017 101 99 7 7 2508
017 101 94 7 7 2315
017 24 30 6 6 3167
017 30 51 7 7 1698
017 20 9 7 7 1635
018 1 1 6 6 3530
018 1 1 7 7 4076
018 101 83 6 6 3755
018 23 15 6 6 3085
018 101 90 6 6 3914
018 22 24 7 6 2219
018 21 11 7 6 2507
018 40 76 7 7 4628
018 101 87 6 6 1903
018 23 22 7 7 4641
018 28 39 6 7 4001
018 20 12 7 6 2262
018 24 34 7 7 2453
018 20 6 6 6 3094
018 26 43 7 6 6660
018 40 58 6 6 2498
018 101 99 7 6 3062
018 40 77 7 7 4287
018 40 65 6 6 2182
018 20 8 7 7 6874
018 22 20 7 6 1999
018 40 75 7 6 2513
018 23 23 7 7 3689
018 30 55 7 7 2368
018 22 13 6 6 6203
018 24 29 6 6 2740
018 40 72 7 7 2821
018 40 80 7 6 1864
018 20 4 6 6 3082
018 24 28 6 6 3061
018 23 19 7 7 2685
018 27 38 6 6 6984
018 24 35 7 7 3917
018 24 30 6 6 3383
018 30 52 6 6 4119
018 40 73 7 6 2231
018 40 66 6 6 2342
018 24 31 7 6 2032
018 101 91 7 6 2435
018 20 2 6 6 2572
018 40 59 6 6 1458
018 101 92 7 7 2155
018 20 10 7 7 4266
018 101 100 7 7 4655
018 21 5 6 6 2273
018 27 46 7 7 5249
018 21 1 6 6 2329
018 25 48 7 6 7889
018 101 81 6 6 2874
018 24 26 6 6 2992
018 40 64 6 6 2822
018 30 49 6 7 6216
018 40 74 7 6 4401
018 101 95 7 7 2855
018 23 18 6 6 6144
018 23 14 6 6 3776
018 28 37 6 6 6050
018 40 70 7 7 5656
018 101 94 7 7 2863
018 24 27 6 6 2245
018 25 40 6 7 5049
018 40 68 6 6 2001
018 22 17 6 6 9091
018 40 57 6 6 2392
018 101 82 6 6 2366
018 40 61 6 6 3836
018 28 47 7 7 3581
018 101 85 6 6 2587
018 40 67 6 6 5004
018 101 88 6 6 6602
018 30 53 6 6 1916
018 24 33 7 7 5505
018 22 21 7 7 4698
018 22 16 6 6 3149
018 101 96 7 7 7404
018 40 78 7 7 7655
018 30 51 7 7 1986
018 24 32 7 7 2554
018 21 3 6 6 2428
018 30 56 7 7 6015
018 21 9 7 6 9576
018 40 60 6 6 1829
018 30 54 7 7 4671
018 26 41 6 6 5484
018 101 86 6 6 2484
018 40 62 6 6 2168
018 40 63 6 6 2118
018 40 71 7 7 2942
018 27 44 7 7 5738
018 25 42 6 6 4858
018 24 25 6 6 4038
018 101 97 7 7 1889
018 40 69 7 7 7399
018 101 93 7 7 4009
018 28 45 7 6 2565
018 101 84 6 7 11143
018 30 50 6 6 1720
018 101 98 7 7 2269
018 21 7 7 6 4111
018 40 79 7 6 2124
018 24 36 7 0 15391
018 101 89 6 6 1857
019 1 1 6 6 3520
019 1 1 6 6 2116
019 1 1 7 7 5536
019 22 19 7 7 2524
019 101 96 7 7 4303
019 20 3 6 7 348
019 101 82 6 6 5032
019 40 67 6 6 5068
019 28 46 7 7 4885
019 27 45 7 6 6242
019 23 17 6 6 4563
019 40 68 6 6 3311
019 40 59 6 6 2251
019 40 60 6 6 2056
019 101 88 6 6 2847
019 101 95 7 7 2891
019 101 100 7 7 6727
019 101 92 7 7 2996
019 23 22 7 7 3218
019 20 11 7 6 4141
019 101 97 7 7 3165
019 101 87 6 6 2551
019 40 58 6 6 2848
019 40 72 7 7 2656
019 101 94 7 7 5345
019 30 51 7 7 4193
019 101 93 7 7 4570
019 40 74 7 7 3736
019 21 12 7 6 7703
019 24 28 6 6 5943
019 23 21 7 7 5058
019 40 57 6 6 6007
019 40 66 6 6 4165
019 40 78 7 7 2801
019 30 52 6 6 4559
019 25 39 6 6 3754
019 40 73 7 7 3975
019 23 18 6 6 6693
019 24 27 6 6 5040
019 40 61 6 6 2718
019 24 30 6 6 5977
019 20 5 6 6 3979
019 40 62 6 6 2531
019 101 99 7 7 5246
019 101 81 6 6 3072
019 40 63 6 6 3314
019 22 16 6 6 6101
019 101 86 6 6 5143
019 24 32 7 7 342
019 24 25 6 6 4384
019 21 10 7 7 6137
019 40 80 7 7 5168
019 26 42 6 6 4068
019 101 90 6 6 3314
019 22 24 7 6 5471
019 24 34 7 7 372
019 20 9 7 7 2297
019 40 65 6 6 2543
019 40 71 7 7 8095
019 40 77 7 7 4007
019 22 15 6 6 7505
019 30 53 6 6 4018
019 25 41 6 7 5172
019 24 31 7 7 3824
019 27 43 7 7 3560
019 40 75 7 7 3219
019 40 70 7 7 3797
019 40 69 7 7 9458
019 30 55 7 7 3123
019 23 13 6 6 5347
019 22 23 7 7 7241
019 21 6 6 6 5089
019 30 49 6 7 7733
019 40 79 7 7 3206
019 26 40 6 6 5956
019 22 20 7 7 3492
019 24 26 6 6 2918
019 101 85 6 6 5372
019 28 38 6 6 3351
019 23 14 6 6 2379
019 24 29 6 6 3820
019 21 2 6 6 3440
019 30 50 6 6 2728
019 101 98 7 7 2588
019 40 76 7 7 3759
019 101 84 6 6 2455
019 21 8 7 7 2716
019 24 33 7 7 2218
019 24 35 7 7 7347
019 25 47 7 7 5674
019 101 91 7 7 2657
019 101 89 6 6 7077
019 30 56 7 7 2335
019 101 83 6 6 2651
019 20 7 7 7 5140
019 28 44 7 7 8777
019 24 36 7 6 12863
019 26 48 7 6 3965
019 21 4 6 6 4046
019 20 1 6 6 2907
019 40 64 6 6 2899
019 30 54 7 7 3465
019 27 37 6 6 4263
020 1 1 6 6 3885
020 1 1 7 6 4241
020 40 66 6 6 3322
020 101 100 7 7 4174
020 40 60 6 6 1423
020 101 87 6 6 1426
020 23 24 7 6 2455
020 28 45 7 6 3050
020 21 7 7 6 1371
020 30 49 6 7 2720
020 30 56 7 7 2632
020 28 37 6 6 4625
020 22 18 6 6 1604
020 101 89 6 7 4094
020 101 98 7 7 2465
020 20 8 7 6 2060
020 24 33 7 7 2200
020 40 59 6 6 1535
020 24 34 7 7 2702
020 40 72 7 7 1916
020 40 80 7 6 2516
020 101 88 6 6 2327
020 23 20 7 6 5675
020 20 2 6 7 2899
020 24 32 7 7 2190
020 25 46 7 7 2488
020 24 30 6 6 3070
020 22 14 6 6 2445
020 27 44 7 7 3221
020 40 63 6 7 3983
020 20 10 7 7 2397
020 21 3 6 7 6396
020 101 92 7 6 2560
020 40 62 6 6 3339
020 40 74 7 7 2581
020 40 69 7 7 4811
020 30 54 7 7 2360
020 21 5 6 7 2713
020 40 61 6 6 2602
020 40 68 6 6 1592
020 101 82 6 6 2149
020 24 36 7 6 3633
020 40 76 7 7 3061
020 25 40 6 6 4800
020 26 41 6 6 2458
020 23 16 6 7 3220
020 20 6 6 7 2029
020 21 1 6 7 2686
020 40 79 7 7 5643
020 40 64 6 7 3875
020 40 78 7 7 4267
020 40 57 6 6 2894
020 101 99 7 7 2413
020 101 90 6 6 3610
020 40 77 7 7 3487
020 24 35 7 7 2377
020 40 73 7 6 3655
020 30 52 6 7 2963
020 40 67 6 6 3353
020 24 25 6 6 2558
020 27 42 6 6 2573
020 21 11 7 7 335
020 22 19 7 6 2668
020 25 38 6 7 2947
020 30 53 6 6 2767
020 101 93 7 7 4981
020 40 58 6 6 3467
020 22 15 6 6 1419
020 101 96 7 7 2314
020 101 83 6 7 3760
020 40 75 7 6 1830
020 25 48 7 6 2594
020 23 17 6 7 2529
020 101 94 7 6 4832
020 22 23 7 6 3800
020 101 86 6 6 2677
020 101 97 7 7 2913
020 21 9 7 6 1686
020 26 47 7 6 3125
020 28 43 7 7 2730
020 26 39 6 6 3819
020 101 91 7 7 3298
020 24 26 6 7 4159
020 24 31 7 7 2687
020 20 12 7 6 2128
020 20 4 6 6 3569
020 22 22 7 7 2183
020 40 65 6 6 3084
020 24 28 6 7 3213
020 23 21 7 7 5091
020 101 84 6 6 2551
020 40 70 7 6 3954
020 30 51 7 7 2600
020 24 29 6 6 2739
020 23 13 6 6 1699
020 30 55 7 7 5133
020 101 85 6 6 3861
020 101 81 6 6 4019
020 40 71 7 7 2896
020 101 95 7 6 6391
020 30 50 6 6 2747
020 24 27 6 6 3036
021 1 1 6 6 3366
021 1 1 7 7 3238
021 40 61 6 6 6177
021 101 86 6 6 2963
021 40 69 7 7 2199
021 24 30 6 6 3443
021 24 27 6 7 364
021 20 3 6 7 5267
021 21 10 7 7 1821
021 30 51 7 7 1785
021 101 82 6 6 2081
021 21 2 6 7 2843
021 40 78 7 7 4349
021 101 90 6 6 5449
021 101 92 7 7 1507
021 21 8 7 7 2130
021 101 100 7 7 3543
021 101 83 6 6 2496
021 24 33 7 7 4172
021 101 88 6 6 2803
021 22 14 6 6 1638
021 40 73 7 7 2537
021 101 87 6 6 1654
021 30 54 7 7 2234
021 30 53 6 6 1858
021 101 81 6 6 2771
021 40 62 6 6 1896
021 25 47 7 7 8013
021 20 1 6 6 2118
021 40 76 7 7 4580
021 40 63 6 6 2272
021 24 34 7 7 3038
021 21 12 7 6 3675
021 40 70 7 7 2743
021 30 52 6 6 2610
021 30 55 7 7 1725
021 40 74 7 7 2457
021 26 40 6 7 11899
021 21 4 6 6 3375
021 25 45 7 6 3809
021 101 94 7 7 2262
021 24 28 6 6 3964
021 28 42 6 6 2131
021 30 56 7 7 2096
021 24 31 7 7 2343
021 101 84 6 6 5005
021 26 38 6 7 3210
021 20 5 6 6 6365
021 40 80 7 7 2399
021 22 18 6 6 2989
021 40 72 7 7 2045
021 24 32 7 7 2383
021 101 89 6 7 8856
021 40 77 7 7 2300
021 26 48 7 7 4816
021 24 25 6 6 2824
021 23 23 7 7 3655
021 40 66 6 7 5469
021 20 9 7 7 2263
021 26 46 7 7 3525
021 101 91 7 7 2354
021 40 60 6 6 1365
021 22 22 7 7 2415
021 40 75 7 6 11696
021 40 67 6 6 3750
021 101 93 7 7 4045
021 23 24 7 7 2562
021 101 97 7 7 1846
021 40 59 6 6 1798
021 21 6 6 7 13718
021 101 95 7 7 2124
021 101 98 7 7 2104
021 30 49 6 7 2741
021 24 29 6 6 4044
021 25 37 6 6 3959
021 101 85 6 6 2223
021 101 96 7 7 2379
021 22 21 7 7 3913
021 40 58 6 6 6759
021 20 7 7 7 3340
021 22 17 6 6 1941
021 40 65 6 6 2923
021 20 11 7 7 1594
021 23 16 6 7 3451
021 28 44 7 7 3862
021 27 41 6 6 3307
021 40 71 7 7 2100
021 25 39 6 6 1850
021 40 68 6 6 1516
021 24 35 7 7 4194
021 27 43 7 7 5650
021 23 15 6 7 2110
021 40 79 7 7 2036
021 101 99 7 7 2545
021 23 19 7 7 1695
021 30 50 6 6 1942
021 24 36 7 7 3647
021 40 57 6 6 1644
021 24 26 6 6 1558
021 40 64 6 6 2083
021 23 20 7 7 2803
021 22 13 6 6 1992
022 1 1 6 6 2845
022 1 1 7 7 6076
022 24 27 6 6 4644
022 20 8 7 7 5293
022 23 22 7 7 6084
022 40 68 6 6 3270
022 101 91 7 6 2537
022 101 90 6 6 4090
022 40 80 7 7 3972
022 25 38 6 6 4588
022 28 41 6 6 3654
022 101 87 6 6 1527
022 25 46 7 6 7526
022 20 10 7 7 5560
022 30 49 6 7 2037
022 101 99 7 7 2286
022 40 67 6 6 4458
022 27 42 6 6 3357
022 24 26 6 6 2508
022 24 33 7 7 2251
022 101 81 6 6 2282
022 22 16 6 6 3396
022 40 69 7 7 2904
022 21 3 6 7 3529
022 101 83 6 6 1952
022 40 64 6 6 3037
022 101 95 7 7 2295
022 101 97 7 7 1877
022 40 74 7 7 1909
022 20 4 6 6 2234
022 23 18 6 6 7953
022 20 2 6 6 2358
022 26 47 7 6 5344
022 40 59 6 6 1404
022 24 25 6 6 3559
022 30 54 7 7 2021
022 40 72 7 7 3248
022 101 89 6 6 4035
022 30 53 6 6 2075
022 40 65 6 6 1807
022 22 13 6 6 1855
022 40 70 7 7 5185
022 20 12 7 6 2439
022 30 50 6 6 1526
022 21 9 7 7 5372
022 21 7 7 7 1896
022 101 92 7 7 1826
022 21 11 7 7 2261
022 27 40 6 6 2367
022 40 61 6 6 1571
022 101 96 7 7 2147
022 101 94 7 7 2536
022 40 75 7 7 2354
022 101 93 7 7 2367
022 40 63 6 6 2491
022 23 15 6 7 2112
022 24 32 7 7 2979
022 40 76 7 7 2240
022 101 86 6 6 4950
022 27 48 7 7 2759
022 101 100 7 7 5072
022 40 73 7 7 3963
022 24 30 6 6 2519
022 24 34 7 7 2644
022 22 20 7 7 5799
022 22 21 7 7 2686
022 20 6 6 6 3775
022 26 37 6 7 2598
022 26 39 6 7 2851
022 23 23 7 6 3134
022 30 56 7 7 1549
022 24 35 7 7 357
022 30 55 7 7 1978
022 101 84 6 6 1855
022 21 5 6 6 3352
022 40 58 6 6 2842
022 24 31 7 7 1894
022 26 45 7 7 4020
022 40 71 7 6 1956
022 23 14 6 7 6871
022 101 82 6 6 1870
022 40 77 7 7 1682
022 40 79 7 7 3318
022 24 28 6 6 5528
022 40 62 6 6 1647
022 22 24 7 7 2808
022 40 57 6 6 2053
022 40 60 6 6 1663
022 28 43 7 7 2367
022 101 85 6 6 1951
022 40 78 7 7 1813
022 24 29 6 6 3023
022 25 44 7 7 2611
022 23 19 7 7 2747
022 21 1 6 6 2305
022 40 66 6 6 1646
022 30 51 7 7 2059
022 101 88 6 6 1818
022 24 36 7 6 7371
022 22 17 6 6 1745
022 101 98 7 7 2283
022 30 52 6 6 2241
023 1 1 6 6 2737
023 1 1 7 7 3945
023 40 80 7 7 4346
023 101 92 7 7 2047
023 22 23 7 7 4478
023 24 35 7 7 3713
023 30 56 7 6 6178
023 20 3 6 6 3227
023 27 39 6 6 3698
023 20 11 7 6 2024
023 26 44 7 6 2943
023 24 33 7 6 2504
023 24 27 6 6 4333
023 28 42 6 6 2518
023 101 95 7 7 2746
023 24 29 6 7 6329
023 22 24 7 6 3176
023 21 12 7 6 1971
023 40 66 6 6 2201
023 40 74 7 7 4903
023 101 97 7 7 1946
023 40 59 6 6 2136
023 40 69 7 6 5673
023 25 43 7 6 3111
023 40 76 7 7 2540
023 20 1 6 6 2012
023 30 54 7 7 2176
023 21 2 6 6 1715
023 101 84 6 6 2856
023 40 70 7 7 3940
023 40 58 6 6 3163
023 40 75 7 6 2543
023 40 72 7 7 4267
023 22 16 6 6 2099
023 101 90 6 6 2298
023 20 7 7 6 3182
023 27 41 6 7 3755
023 20 9 7 6 3079
023 101 82 6 6 1995
023 101 98 7 7 3191
023 24 32 7 7 1900
023 24 28 6 6 2252
023 101 81 6 6 2420
023 40 68 6 7 5349
023 101 87 6 6 1913
023 23 13 6 6 2646
023 24 36 7 6 4016
023 22 15 6 6 1479
023 21 4 6 6 2464
023 40 67 6 6 5902
023 40 73 7 7 4033
023 40 77 7 7 2761
023 30 50 6 6 2034
023 101 85 6 6 1702
023 30 53 6 6 3738
023 21 6 6 6 1855
023 101 86 6 6 2389
023 40 78 7 7 2189
023 101 100 7 7 2631
023 101 89 6 6 2181
023 40 71 7 7 2559
023 40 63 6 7 5204
023 30 51 7 7 1897
023 22 19 7 7 2862
023 40 60 6 6 1903
023 22 20 7 6 5598
023 40 79 7 7 4873
023 23 22 7 6 4656
023 27 47 7 6 4370
023 40 62 6 6 2651
023 101 96 7 7 3835
023 30 52 6 6 2463
023 101 91 7 7 4606
023 28 40 6 6 2497
023 23 18 6 6 3800
023 23 17 6 6 2135
023 25 45 7 6 3105
023 40 65 6 6 1980
023 24 25 6 6 2949
023 21 10 7 7 3987
023 40 64 6 6 2979
023 101 88 6 6 1806
023 24 30 6 6 2746
023 101 99 7 7 2349
023 24 26 6 6 2822
023 24 31 7 7 3119
023 101 83 6 6 3317
023 23 14 6 6 4596
023 20 5 6 6 1910
023 26 46 7 6 2765
023 28 48 7 7 4183
023 40 61 6 6 3826
023 26 38 6 6 4700
023 101 93 7 7 3117
023 23 21 7 7 2913
023 40 57 6 7 2911
023 21 8 7 6 2064
023 25 37 6 6 2751
023 30 49 6 7 3091
023 24 34 7 6 5658
023 30 55 7 7 3032
023 101 94 7 7 3124
024 1 1 6 6 2739
024 1 1 7 7 3526
024 40 68 6 6 3463
024 30 51 7 7 2275
024 26 37 6 6 3311
024 40 66 6 6 3322
024 24 36 7 6 4501
024 40 75 7 7 2073
024 101 84 6 6 5304
024 40 80 7 7 4053
024 24 32 7 6 4756
024 101 81 6 6 5438
024 40 76 7 7 2338
024 30 50 6 6 1971
024 101 92 7 7 2085
024 101 90 6 6 5855
024 24 31 7 7 3264
024 24 34 7 7 2582
024 21 3 6 7 5706
024 20 4 6 6 1951
024 27 38 6 6 2626
024 22 14 6 6 11157
024 101 93 7 7 2591
024 22 18 6 6 1887
024 28 47 7 7 3816
024 24 27 6 6 3204
024 40 65 6 6 3194
024 40 57 6 6 2072
024 23 13 6 6 3089
024 30 52 6 6 3389
024 40 64 6 6 4209
024 40 70 7 7 4851
024 24 25 6 6 3842
024 22 15 6 6 2812
024 30 54 7 6 2540
024 28 41 6 6 2830
024 101 83 6 6 3351
024 101 100 7 7 5550
024 27 48 7 7 3258
024 40 74 7 7 2827
024 40 62 6 6 1820
024 101 95 7 7 1926
024 23 24 7 7 4334
024 101 86 6 6 3400
024 101 85 6 6 1925
024 40 79 7 7 2469
024 28 39 6 7 4329
024 101 96 7 7 3046
024 101 99 7 7 5005
024 40 72 7 7 2084
024 20 6 6 6 3410
024 101 97 7 7 1843
024 20 8 7 7 2229
024 21 7 7 6 5423
024 20 10 7 6 2229
024 30 55 7 6 2940
024 101 88 6 6 3181
024 101 89 6 6 6254
024 40 58 6 6 2603
024 40 71 7 7 4306
024 23 16 6 7 2702
024 22 23 7 7 5494
024 23 20 7 7 4723
024 101 87 6 6 1874
024 24 35 7 7 5854
024 40 73 7 7 2483
024 23 17 6 6 2477
024 40 59 6 6 1700
024 27 46 7 7 2512
024 30 56 7 7 1674
024 23 21 7 7 5189
024 27 40 6 6 3425
024 30 49 6 7 2078
024 22 19 7 6 4725
024 21 11 7 7 2055
024 24 30 6 6 2438
024 40 77 7 7 2042
024 24 28 6 6 3510
024 22 22 7 7 2189
024 21 1 6 6 2224
024 25 44 7 7 4008
024 30 53 6 6 3839
024 101 91 7 7 1792
024 20 2 6 6 2138
024 21 5 6 6 2767
024 40 60 6 6 1810
024 101 98 7 7 2500
024 20 12 7 7 3364
024 40 69 7 7 2388
024 26 43 7 6 5510
024 26 45 7 7 5433
024 40 61 6 6 1664
024 101 82 6 6 2456
024 21 9 7 7 3233
024 24 26 6 6 2364
024 40 67 6 6 3180
024 101 94 7 7 2505
024 40 78 7 7 2283
024 24 33 7 7 4065
024 25 42 6 6 5139
024 24 29 6 6 6834
024 40 63 6 6 4222
025 1 1 6 6 2570
025 1 1 7 7 3837
025 24 25 6 6 2772
025 24 30 6 6 2948
025 24 32 7 7 2980
025 21 10 7 6 4008
025 101 95 7 7 2433
025 24 27 6 6 3661
025 22 17 6 6 3928
025 40 74 7 6 1874
025 101 89 6 6 3786
025 22 14 6 6 6570
025 40 71 7 7 5545
025 40 77 7 7 6038
025 101 86 6 6 7969
025 22 21 7 6 5200
025 101 85 6 6 2077
025 30 49 6 7 2535
025 40 61 6 6 4206
025 101 100 7 7 5195
025 24 29 6 6 6258
025 101 81 6 6 2918
025 28 48 7 6 3722
025 101 97 7 7 1981
025 20 7 7 7 3071
025 40 66 6 6 5963
025 21 12 7 6 3025
025 27 39 6 7 3895
025 20 3 6 6 2561
025 101 82 6 6 3668
025 101 99 7 7 2061
025 20 9 7 7 2573
025 101 96 7 7 2667
025 101 93 7 7 6041
025 30 55 7 7 2413
025 22 13 6 6 3654
025 27 37 6 7 3605
025 40 57 6 7 9095
025 40 80 7 7 3985
025 40 76 7 7 4473
025 21 2 6 6 8350
025 40 63 6 6 5898
025 27 45 7 7 5740
025 24 26 6 6 2895
025 24 34 7 7 2020
025 24 36 7 6 2549
025 27 47 7 7 2316
025 23 15 6 7 2180
025 40 79 7 7 2164
025 30 53 6 6 3968
025 40 73 7 7 5279
025 101 92 7 7 6733
025 101 91 7 7 4531
025 40 60 6 6 1674
025 25 43 7 6 3823
025 101 88 6 6 2522
025 40 78 7 7 2787
025 26 42 6 6 6019
025 20 11 7 7 1755
025 28 38 6 6 6123
025 101 90 6 6 2997
025 22 22 7 7 3604
025 40 68 6 7 2814
025 40 75 7 7 3342
025 101 84 6 7 3730
025 40 58 6 7 2318
025 21 8 7 7 2693
025 30 51 7 7 1633
025 24 35 7 7 3421
025 25 41 6 6 2231
025 23 19 7 7 2142
025 40 65 6 6 1953
025 24 28 6 6 2212
025 40 70 7 7 4938
025 26 44 7 7 3975
025 30 54 7 7 2530
025 101 94 7 7 2712
025 23 23 7 7 3462
025 28 46 7 7 3429
025 28 40 6 6 3843
025 23 16 6 7 2903
025 40 64 6 6 4293
025 30 56 7 7 2097
025 40 67 6 6 5513
025 24 33 7 7 3426
025 20 1 6 6 3935
025 101 87 6 6 2182
025 40 72 7 6 8930
025 24 31 7 7 2632
025 21 4 6 6 6527
025 20 5 6 6 2534
025 23 24 7 6 2725
025 40 69 7 6 11496
025 30 52 6 6 4531
025 101 83 6 6 2618
025 21 6 6 6 2838
025 23 20 7 6 6775
025 22 18 6 6 3018
025 40 62 6 6 3352
025 101 98 7 7 3222
025 30 50 6 6 2113
025 40 59 6 6 1499
026 1 1 6 6 2138
026 1 1 7 7 3711
026 101 88 6 6 1955
026 40 75 7 7 2082
026 40 74 7 7 2497
026 40 64 6 6 3166
026 40 58 6 6 1935
026 21 3 6 7 4734
026 24 36 7 7 3999
026 40 79 7 7 3539
026 30 52 6 6 1794
026 23 22 7 7 2752
026 40 57 6 6 1633
026 101 82 6 6 1878
026 28 45 7 7 2888
026 40 77 7 7 1954
026 30 51 7 7 1391
026 27 46 7 6 2555
026 23 19 7 7 3459
026 40 63 6 6 1771
026 101 95 7 7 2236
026 40 69 7 7 3918
026 30 49 6 7 1870
026 101 99 7 7 2608
026 101 93 7 7 2280
026 22 24 7 7 3151
026 21 5 6 7 3064
026 30 50 6 6 1587
026 20 6 6 7 3129
026 40 72 7 7 1977
026 24 29 6 6 3742
026 21 1 6 6 1542
026 23 14 6 6 1903
026 101 90 6 6 2591
026 101 89 6 6 2802
026 26 43 7 7 5046
026 40 68 6 6 1572
026 20 8 7 7 1675
026 101 81 6 6 2004
026 40 80 7 7 4111
026 24 27 6 6 3806
026 24 28 6 6 2697
026 30 53 6 6 1854
026 22 20 7 7 3939
026 40 71 7 6 1903
026 40 62 6 6 1389
026 40 78 7 7 1881
026 101 97 7 7 1592
026 24 25 6 6 2898
026 101 87 6 6 2389
026 40 66 6 6 4592
026 25 48 7 7 3561
026 101 92 7 7 2364
026 20 12 7 7 5265
026 25 40 6 7 2163
026 101 85 6 6 2241
026 40 76 7 7 2671
026 28 37 6 6 3784
026 101 83 6 6 2182
026 24 26 6 6 2137
026 20 10 7 7 3569
026 24 34 7 7 1785
026 40 61 6 6 2201
026 23 23 7 6 3008
026 23 15 6 7 2266
026 101 100 7 7 2511
026 24 35 7 7 2371
026 30 56 7 7 1382
026 28 47 7 7 3114
026 27 38 6 6 1713
026 21 9 7 7 1635
026 40 70 7 7 5142
026 22 13 6 6 1848
026 101 86 6 6 3390
026 26 41 6 6 2736
026 24 32 7 7 1632
026 20 4 6 6 1731
026 21 11 7 6 3211
026 30 54 7 7 2140
026 24 30 6 6 1661
026 40 65 6 6 1374
026 27 44 7 6 4183
026 25 42 6 7 2070
026 24 31 7 6 1765
026 101 96 7 7 1784
026 101 98 7 7 1884
026 22 21 7 7 2947
026 101 84 6 6 2994
026 21 7 7 7 3353
026 40 60 6 6 1627
026 20 2 6 6 1759
026 30 55 7 7 2005
026 23 18 6 6 3121
026 40 67 6 6 2404
026 22 16 6 7 4260
026 101 94 7 7 1693
026 24 33 7 7 1716
026 101 91 7 7 2550
026 40 59 6 6 1605
026 40 73 7 7 2052
026 22 17 6 6 1400
026 28 39 6 6 2646
027 1 1 6 6 5984
027 1 1 7 7 3422
027 26 48 7 6 6150
027 25 47 7 7 5840
027 21 2 6 7 7147
027 21 6 6 6 3141
027 40 59 6 6 4381
027 20 7 7 7 4847
027 23 18 6 6 6692
027 40 66 6 6 1716
027 101 90 6 6 4402
027 30 53 6 6 2101
027 40 60 6 6 1772
027 40 70 7 7 3163
027 101 88 6 6 2550
027 28 46 7 6 5209
027 101 98 7 7 2770
027 101 97 7 7 1750
027 40 67 6 6 4761
027 24 25 6 6 4432
027 20 9 7 7 2303
027 40 68 6 6 4980
027 101 84 6 7 5478
027 27 45 7 6 6156
027 23 22 7 7 2145
027 40 62 6 6 2946
027 101 87 6 6 1782
027 22 19 7 7 2470
027 40 71 7 7 4207
027 24 26 6 7 6464
027 101 86 6 7 3331
027 30 49 6 7 2612
027 101 85 6 6 2354
027 21 8 7 6 4630
027 27 37 6 6 3920
027 28 38 6 6 3032
027 101 89 6 6 1963
027 20 1 6 6 1835
027 20 3 6 6 3813
027 101 94 7 7 2592
027 24 32 7 7 2269
027 24 29 6 6 2898
027 23 21 7 7 2213
027 40 63 6 6 2801
027 40 57 6 6 1945
027 101 91 7 7 2491
027 27 43 7 7 6527
027 30 50 6 6 2080
027 23 17 6 6 2125
027 40 76 7 7 2177
027 101 100 7 7 5266
027 101 92 7 7 2065
027 30 51 7 7 1775
027 40 58 6 6 1826
027 40 75 7 7 5188
027 40 72 7 7 2703
027 101 81 6 6 2723
027 101 95 7 7 2381
027 25 39 6 6 3052
027 24 28 6 6 2620
027 101 83 6 6 2602
027 40 64 6 6 2479
027 22 16 6 6 1724
027 23 13 6 6 1842
027 24 33 7 7 1888
027 101 82 6 6 2485
027 30 55 7 7 3236
027 26 40 6 7 5725
027 22 15 6 6 2194
027 101 93 7 7 2341
027 21 4 6 6 3033
027 40 69 7 7 3601
027 40 78 7 7 2664
027 24 30 6 6 3242
027 25 41 6 6 2403
027 21 12 7 6 2441
027 40 73 7 7 2154
027 101 99 7 7 2540
027 24 34 7 7 4471
027 23 14 6 7 3546
027 101 96 7 7 2746
027 40 65 6 6 4441
027 24 36 7 6 5911
027 40 79 7 7 2023
027 40 74 7 7 2090
027 26 42 6 7 3229
027 22 20 7 7 2115
027 40 61 6 6 2191
027 30 54 7 7 2300
027 21 10 7 7 2333
027 20 5 6 6 1880
027 22 23 7 6 2710
027 24 27 6 6 3103
027 30 52 6 6 3022
027 30 56 7 7 1798
027 40 80 7 7 3151
027 28 44 7 7 5407
027 22 24 7 7 4509
027 24 35 7 6 2645
027 40 77 7 7 2411
027 20 11 7 6 2454
027 24 31 7 7 2100
028 1 1 6 6 4042
028 1 1 7 7 3747
028 25 40 6 7 3981
028 24 25 6 7 5817
028 25 46 7 6 3892
028 40 61 6 6 2781
028 101 100 7 7 3749
028 28 45 7 7 2654
028 101 96 7 7 3390
028 30 52 6 6 2813
028 40 72 7 7 2281
028 24 26 6 6 2393
028 40 60 6 6 1815
028 40 80 7 7 2768
028 101 86 6 7 4509
028 40 69 7 6 2397
028 28 37 6 6 3458
028 101 85 6 6 1977
028 22 22 7 7 2676
028 22 18 6 6 2595
028 40 71 7 7 3140
028 21 7 7 6 2559
028 22 23 7 7 3965
028 26 41 6 7 3146
028 30 51 7 7 1554
028 40 62 6 6 1915
028 22 19 7 7 2614
028 40 73 7 7 2625
028 24 34 7 7 2224
028 101 92 7 7 2762
028 25 48 7 6 3053
028 40 68 6 6 1622
028 40 76 7 7 1979
028 27 42 6 6 2607
028 28 43 7 7 3086
028 101 89 6 6 3737
028 101 87 6 6 2003
028 25 38 6 6 3358
028 40 67 6 6 3165
028 40 63 6 6 3227
028 40 66 6 6 1783
028 101 98 7 7 3041
028 30 50 6 6 2367
028 101 94 7 7 2733
028 23 20 7 7 4172
028 101 93 7 7 2835
028 24 32 7 7 3214
028 20 6 6 6 3066
028 40 59 6 6 1839
028 24 33 7 7 2894
028 20 2 6 7 3319
028 21 5 6 7 2378
028 24 27 6 6 2948
028 101 81 6 6 5237
028 22 14 6 6 2953
028 40 77 7 7 3065
028 26 39 6 6 3837
028 24 31 7 7 1924
028 101 95 7 7 2029
028 23 16 6 7 3043
028 30 55 7 7 2207
028 23 17 6 6 2195
028 101 99 7 7 2375
028 101 91 7 7 3434
028 21 9 7 7 1677
028 101 90 6 6 3336
028 24 30 6 6 3130
028 21 1 6 6 4513
028 40 58 6 7 3130
028 21 11 7 6 4308
028 24 35 7 7 4841
028 27 44 7 6 3349
028 20 10 7 6 3905
028 23 13 6 6 3718
028 40 75 7 7 4438
028 30 49 6 7 3433
028 26 47 7 6 6479
028 40 57 6 6 1979
028 30 56 7 7 1895
028 101 84 6 6 2651
028 20 8 7 6 1892
028 20 4 6 6 2161
028 23 21 7 7 2242
028 40 78 7 7 3395
028 101 82 6 6 2560
028 40 79 7 6 4318
028 40 65 6 6 3000
028 23 24 7 6 2171
028 40 64 6 6 2583
028 20 12 7 6 2086
028 24 36 7 6 4815
028 101 97 7 7 1681
028 24 29 6 6 2409
028 22 15 6 6 1780
028 24 28 6 6 2283
028 30 54 7 7 2529
028 21 3 6 6 2423
028 30 53 6 6 1595
028 101 83 6 6 2342
028 101 88 6 6 2028
028 40 74 7 7 3533
028 40 70 7 7 2455
029 1 1 6 6 7123
029 1 1 7 7 7855
029 101 94 7 7 2146
029 40 71 7 7 3276
029 40 61 6 6 2939
029 30 56 7 7 3732
029 101 98 7 7 3863
029 20 11 7 6 4214
029 23 19 7 7 4491
029 40 77 7 7 3922
029 40 73 7 7 4034
029 24 26 6 6 8931
029 24 28 6 6 8274
029 24 25 6 6 6876
029 20 5 6 6 2321
029 24 32 7 7 2674
029 40 66 6 6 8628
029 24 35 7 7 3098
029 24 36 7 7 3954
029 24 34 7 7 1899
029 30 54 7 7 2516
029 40 74 7 7 3049
029 40 76 7 7 8707
029 26 46 7 7 3180
029 27 43 7 7 6433
029 40 58 6 7 4722
029 25 37 6 7 5698
029 40 70 7 7 2463
029 22 22 7 7 2948
029 24 33 7 7 1662
029 22 18 6 6 2290
029 101 83 6 6 2027
029 101 100 7 7 11865
029 40 62 6 6 6162
029 40 78 7 7 2208
029 40 75 7 7 1939
029 25 39 6 6 3635
029 40 68 6 6 1543
029 101 90 6 6 3020
029 21 6 6 6 5258
029 21 8 7 7 5461
029 40 63 6 6 1756
029 23 20 7 7 3154
029 21 2 6 6 2920
029 24 29 6 6 2453
029 101 81 6 6 2557
029 23 15 6 7 3347
029 101 99 7 7 1629
029 24 31 7 7 4485
029 30 55 7 7 1844
029 101 82 6 6 1663
029 22 21 7 7 4914
029 40 60 6 6 4679
029 30 53 6 6 1503
029 101 97 7 7 1885
029 20 7 7 7 2634
029 101 95 7 7 4523
029 40 79 7 7 2328
029 40 72 7 7 2610
029 23 16 6 7 3543
029 101 91 7 7 2626
029 23 24 7 7 2219
029 40 67 6 6 2311
029 101 86 6 6 2141
029 101 89 6 7 3858
029 20 3 6 6 1999
029 101 87 6 6 1408
029 30 52 6 6 2220
029 101 88 6 6 1987
029 27 41 6 7 6050
029 24 30 6 6 1684
029 40 65 6 6 1944
029 101 92 7 7 2406
029 28 42 6 6 7498
029 21 12 7 6 3500
029 22 17 6 6 15249
029 40 57 6 6 1754
029 21 10 7 7 1783
029 101 93 7 7 5395
029 30 51 7 7 2903
029 26 38 6 6 4773
029 40 64 6 6 2263
029 22 13 6 6 1480
029 40 80 7 6 1573
029 101 85 6 6 1975
029 26 40 6 7 4868
029 22 14 6 0 15329
029 101 96 7 7 2194
029 28 44 7 7 3476
029 40 59 6 6 1587
029 20 9 7 7 1736
029 26 48 7 7 4471
029 101 84 6 6 2414
029 23 23 7 7 3584
029 21 4 6 6 3210
029 30 49 6 7 3290
029 24 27 6 6 2640
029 40 69 7 7 2291
029 25 45 7 6 2806
029 20 1 6 6 1452
029 25 47 7 7 2112
029 30 50 6 6 3534
030 40 59 6 6 13368
030 20 10 7 7 14172
030 30 54 7 7 6225
030 101 81 6 6 3335
030 24 29 6 6 2660
030 20 8 7 7 2569
030 40 69 7 7 3105
030 101 84 6 7 3303
030 101 83 6 6 2021
030 101 96 7 7 2069
030 101 95 7 7 2125
030 40 57 6 6 1715
030 101 100 7 7 2108
030 21 7 7 6 2046
030 22 21 7 6 4139
030 40 76 7 6 2272
030 40 62 6 6 1653
030 101 87 6 6 1566
030 21 3 6 6 3403
030 40 73 7 6 1577
030 40 60 6 6 1306
030 40 79 7 6 3657
030 21 5 6 6 2994
030 20 12 7 7 2346
030 40 65 6 6 1852
030 40 63 6 7 4034
030 101 88 6 6 1642
030 20 2 6 6 1725
030 40 80 7 7 3466
030 22 17 6 6 1845
030 40 72 7 7 2030
030 101 86 6 6 2294
030 40 77 7 7 1804
030 40 75 7 7 1937
030 22 16 6 6 2227
030 101 92 7 7 1945
030 24 35 7 7 5111
030 24 36 7 7 5936
030 24 28 6 6 2074
030 101 82 6 6 1684
030 21 11 7 6 1951
030 24 33 7 7 1964
030 23 15 6 6 2922
030 25 44 7 7 2692
030 40 71 7 7 2889
030 23 18 6 6 4511
030 27 40 6 6 3101
030 20 4 6 6 3803
030 22 20 7 7 2446
030 40 64 6 6 3341
030 23 14 6 6 1541
030 28 43 7 7 2731
030 26 39 6 7 2753
030 40 68 6 6 1527
030 30 51 7 7 1935
030 40 67 6 6 2984
030 24 34 7 7 2216
030 30 50 6 6 2050
030 24 32 7 7 3373
030 30 52 6 6 2174
030 30 49 6 7 2761
030 20 6 6 6 3653
030 23 19 7 7 1672
030 30 55 7 7 2185
030 40 61 6 6 1436
030 28 41 6 6 3349
030 101 97 7 7 1411
030 25 46 7 7 3947
030 101 93 7 7 2615
030 101 91 7 6 2392
030 101 98 7 7 2063
030 27 42 6 6 3717
030 101 85 6 6 1920
030 24 30 6 6 2263
030 24 31 7 6 2301
030 30 53 6 6 1986
030 40 58 6 7 3551
030 24 26 6 6 1750
030 101 89 6 6 2884
030 101 94 7 7 2221
030 26 37 6 7 2241
030 40 66 6 7 3576
030 21 1 6 6 2641
030 23 23 7 7 7647
030 30 56 7 7 1535
030 21 9 7 7 2089
030 22 24 7 7 1894
030 40 70 7 7 3878
030 22 13 6 7 3830
030 101 99 7 7 2674
030 23 22 7 7 1984
030 24 25 6 6 1929
030 24 27 6 6 1956
030 26 45 7 6 2590
030 27 48 7 7 2301
030 101 90 6 6 2590
030 26 47 7 7 3215
030 40 74 7 7 1964
030 40 78 7 6 2513
030 25 38 6 6 5808
031 1 1 6 6 2596
031 1 1 7 7 2615
031 28 40 6 6 2642
031 26 44 7 7 2167
031 24 36 7 6 4542
031 101 87 6 6 1868
031 20 11 7 7 2357
031 40 68 6 6 1695
031 24 28 6 6 2616
031 30 54 7 7 1866
031 24 30 6 6 1743
031 24 35 7 7 3858
031 40 70 7 7 2427
031 101 92 7 7 1862
031 101 98 7 7 1958
031 40 66 6 6 1765
031 22 20 7 6 5240
031 23 18 6 7 7689
031 21 6 6 6 5349
031 30 56 7 7 1437
031 20 5 6 6 1337
031 30 55 7 7 2182
031 30 51 7 7 1401
031 26 46 7 6 7456
031 22 15 6 6 1968
031 24 34 7 7 1595
031 23 21 7 7 1604
031 101 86 6 6 3534
031 40 80 7 7 2966
031 101 89 6 7 4298
031 21 12 7 7 2305
031 23 14 6 6 2489
031 40 67 6 6 2840
031 28 42 6 6 1991
031 28 48 7 7 2047
031 40 77 7 7 2077
031 25 37 6 7 1849
031 20 9 7 7 2245
031 25 45 7 7 2612
031 40 76 7 7 1862
031 101 96 7 7 2248
031 20 3 6 7 2626
031 20 1 6 6 1682
031 30 50 6 6 1600
031 40 61 6 6 1336
031 21 4 6 6 2779
031 30 49 6 7 5718
031 101 97 7 7 1817
031 101 81 6 6 2571
031 40 74 7 7 2127
031 27 41 6 6 2620
031 40 79 7 7 1547
031 24 32 7 7 2026
031 101 83 6 6 2203
031 25 43 7 6 2846
031 101 91 7 6 2455
031 101 99 7 6 2629
031 101 88 6 6 2164
031 24 27 6 6 2124
031 24 26 6 6 1555
031 30 53 6 6 1562
031 40 75 7 7 1763
031 101 84 6 7 4420
031 40 65 6 6 1911
031 101 85 6 6 1784
031 21 10 7 7 2019
031 22 23 7 6 5593
031 23 22 7 7 3481
031 24 25 6 6 2305
031 27 39 6 7 3219
031 40 71 7 7 2525
031 101 94 7 7 1699
031 21 2 6 6 1568
031 20 7 7 7 1690
031 101 90 6 6 1834
031 40 73 7 7 2336
031 40 78 7 7 2907
031 23 13 6 6 4416
031 22 24 7 7 2766
031 40 57 6 6 1723
031 101 100 7 7 2383
031 40 69 7 7 2450
031 30 52 6 6 2374
031 24 33 7 7 1701
031 24 29 6 6 2221
031 40 72 7 7 1924
031 101 82 6 6 1629
031 27 47 7 6 3392
031 40 60 6 6 1200
031 40 62 6 6 1826
031 40 58 6 7 2148
031 24 31 7 7 2509
031 101 95 7 7 1827
031 21 8 7 7 3509
031 40 59 6 6 1430
031 40 63 6 6 1856
031 23 17 6 6 1799
031 26 38 6 6 3237
031 22 19 7 7 2367
031 40 64 6 6 2189
031 101 93 7 7 2170
031 22 16 6 6 1605
032 1 1 6 6 6359
032 1 1 7 7 3722
032 40 67 6 6 4801
032 101 87 6 6 4254
032 40 72 7 7 5046
032 101 98 7 7 6269
032 30 54 7 7 3469
032 40 75 7 7 4382
032 21 9 7 7 2311
032 24 32 7 7 3605
032 40 69 7 7 2362
032 24 30 6 6 4096
032 101 88 6 6 2349
032 40 74 7 7 1921
032 21 1 6 6 3007
032 23 16 6 7 2955
032 24 25 6 6 3815
032 40 68 6 6 3134
032 27 38 6 6 5632
032 40 64 6 6 3831
032 40 66 6 6 2000
032 101 91 7 7 2893
032 101 81 6 6 2977
032 101 99 7 7 2107
032 40 73 7 7 3261
032 101 90 6 6 2168
032 30 56 7 7 1474
032 25 44 7 7 2337
032 24 36 7 6 3503
032 23 20 7 7 1782
032 101 83 6 6 3471
032 22 15 6 6 1788
032 28 47 7 6 5927
032 23 24 7 6 2938
032 21 11 7 7 1608
032 21 3 6 6 1377
032 40 80 7 7 2387
032 40 77 7 7 2184
032 21 5 6 6 2217
032 40 59 6 6 1686
032 22 18 6 6 1512
032 101 86 6 6 3930
032 28 41 6 6 3909
032 22 22 7 7 2218
032 27 46 7 7 2550
032 40 61 6 6 1551
032 40 63 6 6 2896
032 23 21 7 7 1879
032 40 62 6 6 4714
032 101 82 6 6 2547
032 40 70 7 7 5046
032 30 52 6 6 2327
032 24 35 7 7 4577
032 22 14 6 6 3292
032 20 4 6 6 1624
032 40 78 7 7 1822
032 20 8 7 7 3160
032 25 42 6 7 3744
032 20 12 7 7 1407
032 40 71 7 7 2971
032 30 53 6 6 1938
032 30 55 7 7 1579
032 101 92 7 7 1487
032 24 26 6 6 2106
032 101 84 6 6 2004
032 20 2 6 6 4752
032 40 76 7 7 2295
032 101 94 7 7 2033
032 30 49 6 7 1648
032 20 6 6 6 2213
032 20 10 7 7 1575
032 21 7 7 7 1439
032 27 40 6 7 2205
032 40 60 6 6 4129
032 24 33 7 7 2243
032 22 23 7 7 1759
032 24 29 6 6 3381
032 27 48 7 7 2013
032 40 79 7 7 2415
032 30 50 6 6 1655
032 30 51 7 7 1284
032 101 95 7 7 1785
032 28 39 6 7 2896
032 24 28 6 6 1695
032 23 13 6 6 1554
032 40 58 6 6 3874
032 26 37 6 7 1905
032 26 45 7 6 3024
032 101 100 7 6 7851
032 101 85 6 6 1788
032 26 43 7 7 1622
032 40 57 6 6 1514
032 23 17 6 6 1443
032 22 19 7 6 2170
032 101 97 7 7 1341
032 24 31 7 7 1245
032 101 93 7 7 2203
032 101 89 6 6 3645
032 101 96 7 7 2013
032 40 65 6 6 2081
032 24 34 7 7 1479
032 24 27 6 6 1997
033 1 1 6 6 4151
033 1 1 7 7 4074
033 26 43 7 6 5086
033 101 98 7 7 2872
033 22 13 6 7 8739
033 24 27 6 6 3243
033 101 84 6 6 3709
033 40 78 7 7 2113
033 40 77 7 7 2706
033 101 81 6 6 2696
033 30 52 6 6 2625
033 24 31 7 6 2424
033 40 60 6 6 1949
033 40 75 7 7 2225
033 23 23 7 6 4914
033 22 20 7 7 1985
033 24 35 7 6 2715
033 28 45 7 6 4880
033 40 58 6 6 6657
033 101 100 7 7 10348
033 30 50 6 6 3113
033 30 51 7 7 1874
033 22 21 7 7 4609
033 101 97 7 7 4400
033 23 19 7 7 1573
033 24 25 6 6 3398
033 40 59 6 6 2086
033 24 28 6 6 4390
033 27 46 7 7 5278
033 101 93 7 7 2910
033 28 39 6 7 5022
033 21 9 7 7 3655
033 101 89 6 6 5227
033 24 34 7 7 2276
033 40 71 7 6 11472
033 101 91 7 7 2188
033 30 53 6 6 1762
033 20 2 6 7 4628
033 20 8 7 7 3610
033 20 12 7 6 5991
033 21 11 7 7 2263
033 25 40 6 6 6408
033 20 6 6 6 2907
033 28 47 7 6 4058
033 101 86 6 6 5406
033 24 29 6 6 5579
033 40 76 7 6 3452
033 24 33 7 7 2574
033 40 57 6 6 5616
033 21 5 6 7 10777
033 23 15 6 7 2847
033 24 36 7 6 10126
033 30 49 6 7 2407
033 20 10 7 7 5114
033 30 54 7 7 2979
033 27 44 7 6 6380
033 40 70 7 7 3971
033 40 64 6 6 4125
033 20 4 6 6 3305
033 40 68 6 6 2041
033 22 16 6 6 3797
033 101 85 6 6 2071
033 101 90 6 6 3102
033 24 32 7 7 4841
033 40 80 7 7 4475
033 30 56 7 7 2573
033 25 48 7 7 4071
033 21 7 7 7 3186
033 40 63 6 6 3749
033 23 14 6 6 4577
033 101 95 7 7 1828
033 101 99 7 7 6486
033 40 79 7 7 5694
033 40 65 6 6 2328
033 23 22 7 7 3143
033 24 30 6 6 2862
033 24 26 6 6 2259
033 40 62 6 6 2329
033 40 67 6 6 3386
033 22 24 7 7 2741
033 101 88 6 6 3796
033 101 87 6 6 1998
033 40 61 6 7 11397
033 40 74 7 7 3550
033 30 55 7 7 2753
033 23 18 6 6 6273
033 25 42 6 7 5016
033 101 96 7 7 2179
033 28 37 6 7 3801
033 40 73 7 7 3763
033 26 41 6 7 3724
033 40 72 7 7 3323
033 21 3 6 6 3918
033 101 83 6 6 2815
033 101 82 6 6 1818
033 40 69 7 6 3129
033 101 94 7 7 1908
033 101 92 7 7 3324
033 40 66 6 6 2587
033 22 17 6 6 2702
033 27 38 6 7 9017
033 21 1 6 6 3431
034 1 1 6 6 2571
034 1 1 7 7 3892
034 21 9 7 7 2703
034 20 12 7 6 2737
034 101 98 7 7 1982
034 30 51 7 7 1894
034 24 36 7 6 6495
034 24 28 6 6 1993
034 25 40 6 6 2478
034 40 76 7 6 7520
034 24 26 6 6 1883
034 20 10 7 6 1976
034 22 19 7 7 2633
034 101 86 6 6 1995
034 40 66 6 6 2469
034 26 39 6 7 2527
034 40 57 6 6 2150
034 30 56 7 7 6287
034 101 89 6 6 2085
034 24 30 6 6 2529
034 24 33 7 7 2160
034 40 63 6 6 4590
034 40 61 6 6 1901
034 101 95 7 7 1861
034 22 18 6 6 1733
034 101 90 6 6 2217
034 22 15 6 6 1640
034 40 73 7 7 4078
034 101 83 6 6 2725
034 25 38 6 6 2945
034 23 20 7 6 2485
034 101 99 7 7 2000
034 30 50 6 6 2247
034 40 80 7 6 1696
034 40 79 7 7 2945
034 24 32 7 7 2318
034 30 53 6 6 2251
034 28 45 7 6 3753
034 24 35 7 7 5293
034 27 42 6 6 2213
034 30 54 7 7 2218
034 40 69 7 7 4160
034 24 27 6 6 2580
034 20 4 6 6 3463
034 30 52 6 6 2079
034 27 44 7 7 3927
034 26 47 7 7 4435
034 40 72 7 7 1975
034 30 49 6 7 2040
034 40 70 7 7 2526
034 101 88 6 6 1828
034 22 23 7 7 3806
034 101 82 6 6 1636
034 40 64 6 7 2041
034 23 17 6 6 3308
034 22 22 7 7 2083
034 40 77 7 7 2122
034 101 100 7 7 3121
034 101 93 7 7 1660
034 101 97 7 7 1598
034 21 11 7 7 2728
034 40 68 6 6 2510
034 101 91 7 7 3032
034 101 84 6 6 4287
034 23 13 6 6 1923
034 24 31 7 7 2239
034 23 24 7 6 4273
034 40 65 6 6 1817
034 24 34 7 7 2162
034 40 78 7 7 2127
034 101 94 7 7 2047
034 20 2 6 6 2001
034 25 46 7 6 2876
034 26 41 6 7 5390
034 20 6 6 6 3020
034 20 8 7 7 3718
034 25 48 7 6 5596
034 23 21 7 7 2081
034 40 67 6 6 2863
034 40 74 7 7 4301
034 21 5 6 6 2448
034 101 85 6 6 1866
034 21 7 7 6 2777
034 101 87 6 6 1562
034 40 71 7 7 2263
034 21 3 6 7 2380
034 40 75 7 7 4525
034 101 81 6 6 3820
034 28 37 6 6 3817
034 24 25 6 6 1882
034 23 16 6 7 5915
034 40 59 6 6 2126
034 40 62 6 6 2519
034 40 60 6 6 1613
034 24 29 6 6 2975
034 28 43 7 7 2882
034 21 1 6 6 2492
034 40 58 6 6 1658
034 30 55 7 7 2417
034 101 92 7 7 1573
034 22 14 6 6 1724
034 101 96 7 7 4396
035 1 1 6 6 3254
035 1 1 7 7 4207
035 22 14 6 6 3794
035 30 52 6 6 3899
035 40 57 6 7 4701
035 40 66 6 6 2675
035 20 2 6 7 4480
035 40 79 7 7 3755
035 101 87 6 6 2170
035 101 84 6 6 3234
035 30 49 6 7 2694
035 101 99 7 6 4782
035 24 34 7 7 2155
035 40 74 7 7 4260
035 40 71 7 7 2847
035 22 19 7 6 5290
035 21 5 6 6 7014
035 23 17 6 7 8315
035 101 97 7 7 2113
035 101 95 7 7 2191
035 27 44 7 7 3341
035 40 61 6 6 2454
035 20 4 6 6 3438
035 24 36 7 6 4517
035 40 78 7 7 2324
035 30 53 6 6 4386
035 23 16 6 7 2860
035 24 25 6 6 3324
035 22 23 7 7 4033
035 101 81 6 7 7785
035 23 21 7 6 1916
035 21 3 6 6 3162
035 30 56 7 7 1592
035 101 98 7 7 2802
035 23 24 7 7 2158
035 28 37 6 6 3232
035 22 18 6 6 2819
035 25 40 6 6 2434
035 101 94 7 7 2480
035 21 1 6 6 1903
035 26 39 6 6 2515
035 40 67 6 7 4695
035 23 20 7 6 1717
035 24 30 6 6 4230
035 40 73 7 7 3489
035 20 8 7 7 2259
035 40 65 6 6 1803
035 20 10 7 6 1512
035 28 43 7 7 2572
035 28 45 7 7 2794
035 21 7 7 7 2233
035 40 72 7 7 3434
035 101 91 7 7 4299
035 101 96 7 7 5032
035 40 59 6 6 1416
035 25 46 7 6 2288
035 30 54 7 6 2461
035 25 38 6 7 2017
035 40 75 7 7 2265
035 26 47 7 6 3374
035 40 76 7 6 5433
035 101 88 6 6 2010
035 101 86 6 6 1946
035 101 85 6 6 2811
035 24 27 6 6 2122
035 101 82 6 6 1916
035 40 77 7 7 2619
035 40 62 6 6 2181
035 24 32 7 7 2175
035 24 28 6 6 1815
035 40 60 6 6 2631
035 22 15 6 6 1790
035 101 89 6 6 3089
035 23 13 6 6 3211
035 101 90 6 7 2353
035 40 63 6 6 3299
035 26 41 6 7 5026
035 24 29 6 6 4487
035 24 31 7 7 1939
035 20 12 7 7 2289
035 22 22 7 7 2419
035 30 51 7 7 1627
035 40 68 6 6 1875
035 40 69 7 7 2457
035 40 64 6 6 1748
035 40 80 7 6 1702
035 40 70 7 7 4706
035 24 33 7 7 2593
035 101 93 7 7 3031
035 101 92 7 7 1946
035 30 55 7 7 2381
035 27 42 6 6 4978
035 30 50 6 6 2474
035 24 26 6 7 2029
035 101 100 7 7 3102
035 101 83 6 6 2175
035 24 35 7 7 3274
035 20 6 6 6 3445
035 40 58 6 6 2030
035 21 11 7 7 4184
035 21 9 7 7 3659
035 25 48 7 6 3078
036 1 1 6 6 6671
036 1 1 7 7 2924
036 30 53 6 6 3978
036 20 11 7 6 4464
036 101 82 6 6 2473
036 21 8 7 7 3575
036 24 36 7 7 4008
036 21 10 7 7 2132
036 24 28 6 6 2252
036 101 100 7 7 2496
036 21 12 7 6 5018
036 22 23 7 7 3422
036 23 18 6 6 3535
036 101 94 7 7 1980
036 101 92 7 7 1644
036 40 80 7 7 3316
036 40 67 6 6 3446
036 24 31 7 7 1768
036 24 35 7 7 2635
036 40 70 7 7 2692
036 23 13 6 6 3817
036 20 1 6 6 2905
036 24 30 6 6 2588
036 22 16 6 6 6013
036 23 22 7 7 3178
036 101 98 7 7 2708
036 30 49 6 7 3399
036 40 75 7 7 1972
036 22 15 6 6 3496
036 22 19 7 7 1897
036 21 2 6 6 1971
036 101 99 7 7 6901
036 21 6 6 6 1629
036 23 14 6 6 3473
036 22 24 7 7 2471
036 40 69 7 7 3857
036 101 85 6 6 2038
036 28 40 6 6 3131
036 24 33 7 6 1655
036 26 46 7 6 4274
036 101 96 7 7 1891
036 26 38 6 7 4114
036 30 52 6 6 2787
036 40 65 6 6 1615
036 101 89 6 7 3772
036 40 78 7 7 1971
036 25 43 7 7 4880
036 30 56 7 7 1984
036 40 68 6 6 6460
036 101 86 6 6 2864
036 40 77 7 7 5720
036 28 48 7 7 2937
036 101 83 6 6 2283
036 40 60 6 7 3962
036 40 76 7 7 2563
036 30 55 7 7 2096
036 40 57 6 6 1900
036 101 91 7 7 2276
036 40 62 6 6 1734
036 24 29 6 6 2663
036 30 50 6 6 1549
036 20 7 7 7 6521
036 30 51 7 7 1485
036 27 47 7 6 6326
036 20 3 6 6 5555
036 40 71 7 7 3378
036 23 21 7 7 5149
036 24 26 6 6 1855
036 28 42 6 6 4479
036 40 66 6 6 1816
036 40 79 7 7 1439
036 20 9 7 7 2484
036 24 27 6 6 4048
036 101 84 6 6 3166
036 26 44 7 6 2079
036 24 25 6 6 1728
036 40 72 7 7 3263
036 40 64 6 6 1939
036 22 20 7 7 2608
036 40 59 6 6 2742
036 24 34 7 7 4571
036 101 97 7 7 1588
036 40 63 6 6 3094
036 25 37 6 6 3289
036 101 87 6 6 1586
036 40 61 6 6 2295
036 27 41 6 7 6333
036 40 73 7 7 2554
036 23 17 6 6 1854
036 24 32 7 7 2142
036 40 74 7 7 5979
036 101 93 7 7 2402
036 101 88 6 6 1739
036 40 58 6 7 3776
036 21 4 6 7 4040
036 20 5 6 6 2174
036 27 39 6 6 4260
036 30 54 7 7 1838
036 101 90 6 6 4966
036 101 95 7 7 1644
036 25 45 7 7 3452
036 101 81 6 6 3721
037 1 1 6 6 8029
037 1 1 6 6 1985
037 1 1 7 7 2648
037 101 88 6 6 2194
037 24 28 6 6 2338
037 20 12 7 6 1824
037 40 65 6 6 2185
037 40 60 6 6 3032
037 23 13 6 6 3610
037 23 24 7 6 3534
037 23 20 7 6 2395
037 101 81 6 6 2843
037 26 47 7 7 5914
037 24 34 7 7 2085
037 101 85 6 6 2236
037 24 36 7 7 9388
037 20 8 7 7 3426
037 101 90 6 7 9631
037 21 5 6 6 3072
037 27 42 6 7 5383
037 101 91 7 7 2325
037 40 62 6 6 2026
037 30 53 6 6 2030
037 40 59 6 6 1643
037 30 49 6 6 7219
037 40 75 7 6 2850
037 28 37 6 7 3270
037 40 80 7 7 2041
037 24 25 6 6 3115
037 28 45 7 6 3675
037 101 86 6 6 2126
037 30 51 7 7 1907
037 30 52 6 6 6764
037 101 92 7 7 1651
037 22 23 7 7 3189
037 101 82 6 6 1869
037 24 26 6 6 2816
037 20 10 7 7 3547
037 28 43 7 7 3977
037 40 64 6 6 3174
037 22 14 6 6 2714
037 40 76 7 6 3188
037 21 7 7 6 4107
037 26 39 6 6 2535
037 101 87 6 6 1733
037 25 48 7 7 4735
037 101 83 6 6 1639
037 40 69 7 7 1988
037 24 30 6 6 3487
037 20 2 6 6 2385
037 101 94 7 7 2243
037 24 35 7 7 5890
037 25 38 6 6 1911
037 25 46 7 7 2592
037 30 56 7 7 1569
037 24 32 7 7 1681
037 23 17 6 6 6434
037 40 73 7 7 1871
037 40 71 7 7 2159
037 40 77 7 7 2849
037 24 33 7 7 8771
037 101 97 7 7 1493
037 101 89 6 7 3013
037 30 55 7 7 1825
037 23 21 7 6 2908
037 23 16 6 7 2756
037 40 63 6 6 4584
037 40 57 6 6 2382
037 40 78 7 7 2353
037 101 99 7 7 2414
037 101 98 7 7 2132
037 24 27 6 6 2230
037 22 19 7 6 2623
037 101 84 6 6 2160
037 101 95 7 7 1833
037 101 93 7 7 5576
037 40 58 6 6 2292
037 40 74 7 7 1671
037 24 31 7 7 2145
037 30 50 6 6 2115
037 22 22 7 7 1994
037 40 79 7 7 3502
037 20 4 6 6 2609
037 26 41 6 6 11022
037 101 96 7 7 3435
037 21 11 7 7 2496
037 40 66 6 6 2550
037 24 29 6 6 3315
037 27 44 7 6 4757
037 21 3 6 6 2398
037 21 9 7 7 2387
037 40 72 7 7 2713
037 25 40 6 6 7157
037 20 6 6 6 1584
037 40 70 7 7 6341
037 101 100 7 7 4360
037 30 54 7 7 1926
037 40 67 6 6 2586
037 40 61 6 6 2047
037 22 18 6 6 1798
037 40 68 6 6 1647
037 22 15 6 6 2533
037 21 1 6 6 2089
