001 1 1 6 6 2112
001 1 1 7 7 1753
001 1 1 7 7 2467
001 111 95 7 7 2009
001 101 51 7 6 1555
001 101 45 6 6 1851
001 111 66 7 6 3509
001 111 87 6 6 1558
001 30 30 6 6 2567
001 101 56 7 7 2339
001 111 70 7 7 1598
001 30 4 6 6 1775
001 30 28 6 6 2048
001 101 53 7 6 1432
001 111 92 6 6 1858
001 111 86 6 6 2073
001 111 61 6 6 1628
001 30 5 6 7 2991
001 30 7 6 6 3444
001 30 23 7 7 1835
001 101 54 7 7 3071
001 30 36 6 6 5423
001 30 20 7 7 2174
001 111 79 6 6 1405
001 111 65 7 6 3075
001 111 97 6 7 2232
001 30 32 6 6 2240
001 111 107 7 7 2168
001 111 67 6 7 4043
001 101 52 7 6 2819
001 30 16 7 7 4007
001 30 18 7 7 3267
001 111 106 7 7 1676
001 30 21 7 7 5021
001 111 76 7 7 3054
001 30 22 7 6 3402
001 30 15 7 7 3860
001 30 19 7 7 2032
001 30 6 6 7 3800
001 30 12 7 7 2162
001 111 108 7 7 1573
001 101 55 7 7 2832
001 111 96 7 7 3674
001 111 99 6 6 1554
001 111 72 7 7 1475
001 30 8 6 6 2272
001 101 38 6 7 2239
001 30 34 6 6 2789
001 111 64 7 7 1565
001 111 75 6 6 1753
001 111 63 6 6 1492
001 111 104 6 6 1525
001 111 102 7 7 1955
001 111 84 7 7 1614
001 101 46 6 7 1804
001 111 100 7 7 2334
001 111 81 6 6 1983
001 30 17 7 7 1816
001 101 57 7 7 1407
001 101 47 6 6 2116
001 111 82 7 7 2241
001 30 1 6 6 2151
001 30 2 6 6 1447
001 30 27 7 7 1947
001 30 33 6 6 1579
001 111 103 6 6 1492
001 30 31 6 6 2133
001 30 14 7 7 1509
001 111 69 6 6 2046
001 30 11 7 7 2921
001 30 13 7 7 1681
001 30 9 6 7 4027
001 111 101 7 7 2006
001 101 50 7 7 3807
001 101 41 6 6 1442
001 30 26 7 7 3517
001 30 10 7 7 1817
001 101 49 7 7 3208
001 111 62 6 6 1309
001 111 71 7 7 1393
001 30 3 6 6 3495
001 111 88 7 7 2343
001 101 37 6 6 3289
001 30 29 6 6 2962
001 101 44 6 6 1549
001 101 59 7 7 1403
001 30 35 6 6 2605
001 111 68 6 6 1698
001 111 73 6 7 3945
001 111 91 6 6 2081
001 111 90 7 7 1297
001 30 25 7 7 2243
001 101 48 6 6 1968
001 101 43 6 6 2405
001 111 77 7 7 1589
001 111 78 7 6 4489
001 111 74 6 6 3008
001 111 85 6 6 1400
001 111 93 6 6 1487
001 111 98 6 6 2223
001 101 42 6 6 2685
001 111 80 6 6 2018
001 111 105 6 6 2613
001 101 58 7 7 1844
001 101 60 7 7 2226
001 30 24 7 7 2693
001 111 94 7 7 3008
001 111 83 7 6 1934
001 111 89 7 7 1332
001 101 40 6 6 1334
001 101 39 6 6 1264
002 1 1 6 6 2260
002 1 1 7 7 1658
002 1 1 7 7 2444
002 30 20 7 7 2824
002 30 21 7 7 6108
002 101 42 6 6 2234
002 30 4 6 7 4259
002 111 84 7 7 2550
002 30 17 7 7 3313
002 101 53 7 6 2610
002 111 89 7 7 1588
002 101 39 6 6 1652
002 30 1 6 6 3117
002 101 58 7 7 2143
002 30 33 6 6 5199
002 101 43 6 6 1726
002 101 52 7 7 2188
002 101 46 6 6 3339
002 111 102 7 7 1995
002 30 27 7 7 2242
002 30 24 7 7 2427
002 30 9 6 6 3048
002 111 93 6 6 1824
002 30 31 6 6 3342
002 30 19 7 7 6812
002 111 87 6 6 1712
002 111 96 7 7 5599
002 101 55 7 7 2384
002 111 62 6 6 1914
002 111 86 6 6 1915
002 101 51 7 7 2622
002 111 94 7 7 2903
002 111 64 7 7 1670
002 111 95 7 7 1922
002 111 69 6 6 2428
002 30 16 7 6 4031
002 30 29 6 6 3492
002 111 83 7 7 2598
002 101 56 7 7 2318
002 101 38 6 7 2837
002 111 61 6 6 1829
002 111 63 6 6 1537
002 111 72 7 7 1386
002 30 12 7 7 3461
002 111 77 7 7 3124
002 111 106 7 7 2137
002 30 36 6 6 5260
002 111 80 6 6 2134
002 111 66 7 7 2313
002 111 92 6 6 2322
002 111 71 7 7 1626
002 30 6 6 7 5424
002 30 10 7 7 2532
002 30 18 7 7 3802
002 101 57 7 7 1562
002 111 108 7 7 1678
002 30 14 7 7 1977
002 30 3 6 6 2855
002 101 48 6 6 1718
002 101 41 6 6 1895
002 111 107 7 7 1846
002 30 7 6 6 2585
002 30 26 7 7 3235
002 30 34 6 6 2280
002 30 2 6 6 1898
002 111 68 6 6 2164
002 30 25 7 7 1915
002 111 85 6 6 1639
002 101 37 6 6 1654
002 111 98 6 6 2211
002 111 75 6 6 1594
002 30 5 6 6 2328
002 111 79 6 6 1553
002 101 50 7 7 2440
002 101 60 7 6 1873
002 111 65 7 6 2348
002 101 40 6 6 1722
002 101 54 7 7 2544
002 30 28 6 6 2188
002 111 104 6 6 3216
002 111 91 6 6 3625
002 30 11 7 7 3184
002 111 70 7 7 1609
002 30 30 6 6 3357
002 111 103 6 6 1684
002 101 45 6 6 1654
002 111 88 7 7 2059
002 111 78 7 7 2268
002 30 13 7 7 1909
002 111 99 6 6 1701
002 111 74 6 6 2993
002 101 59 7 7 1663
002 111 73 6 7 2993
002 101 47 6 6 2219
002 111 101 7 7 2337
002 30 15 7 7 3926
002 30 35 6 6 2989
002 111 82 7 7 2155
002 111 105 6 6 2494
002 111 76 7 7 2850
002 30 32 6 7 3982
002 111 67 6 6 3532
002 111 81 6 6 2141
002 111 90 7 7 1327
002 111 97 6 7 2261
002 101 49 7 7 2243
002 30 8 6 6 3026
002 111 100 7 7 1846
002 101 44 6 7 3993
002 30 22 7 7 4608
002 30 23 7 7 3980
003 1 1 6 7 4005
003 1 1 7 7 6438
003 1 1 7 7 5144
003 111 95 7 7 4033
003 30 33 6 6 5492
003 30 13 7 7 5094
003 111 80 6 6 4590
003 101 53 7 6 3422
003 30 1 6 6 10502
003 101 43 6 6 4680
003 111 99 6 7 3304
003 30 28 6 6 8075
003 30 22 7 7 4331
003 111 84 7 7 4498
003 111 106 7 7 3375
003 30 6 6 6 8607
003 111 66 7 7 4782
003 111 86 6 6 5735
003 30 3 6 6 2886
003 30 14 7 7 4868
003 101 44 6 6 4828
003 111 83 7 6 5102
003 111 103 6 6 3276
003 111 72 7 7 2364
003 30 12 7 7 3340
003 111 91 6 6 3756
003 111 101 7 7 5498
003 101 39 6 6 2418
003 111 102 7 7 3948
003 30 21 7 7 4664
003 101 46 6 6 2617
003 101 60 7 7 3886
003 111 63 6 7 5229
003 30 34 6 7 4561
003 111 94 7 7 5579
003 101 56 7 7 4580
003 111 87 6 6 4714
003 111 71 7 7 3592
003 101 42 6 6 3615
003 30 11 7 7 13520
003 111 89 7 7 6284
003 30 19 7 7 5062
003 30 26 7 6 5867
003 111 75 6 6 2532
003 30 4 6 7 4996
003 30 23 7 7 4181
003 101 57 7 7 4491
003 111 78 7 7 5700
003 111 70 7 7 2349
003 111 81 6 6 3918
003 30 16 7 7 3140
003 101 54 7 7 2782
003 101 59 7 7 3644
003 111 98 6 7 7488
003 101 40 6 6 3536
003 30 30 6 6 4892
003 111 61 6 6 3489
003 101 52 7 7 2853
003 101 48 6 6 4021
003 101 58 7 7 2813
003 101 38 6 7 2671
003 30 2 6 6 4255
003 30 17 7 7 4838
003 111 77 7 7 5921
003 30 27 7 7 8540
003 30 36 6 7 4847
003 111 64 7 7 3378
003 101 55 7 7 2699
003 30 24 7 7 4077
003 101 41 6 6 2938
003 101 49 7 7 3836
003 30 31 6 6 11847
003 111 90 7 7 3588
003 111 67 6 7 3903
003 111 62 6 6 2529
003 101 37 6 6 2350
003 111 100 7 7 3551
003 111 96 7 7 7238
003 111 93 6 6 3021
003 30 18 7 7 3405
003 30 35 6 6 7083
003 111 92 6 6 6646
003 111 68 6 7 6649
003 111 105 6 6 4653
003 30 32 6 6 3723
003 30 25 7 6 2962
003 101 50 7 7 2734
003 30 15 7 7 5449
003 111 107 7 7 2798
003 111 97 6 7 4369
003 111 85 6 6 2565
003 111 79 6 6 7814
003 30 8 6 6 3901
003 111 73 6 7 4752
003 111 76 7 6 4910
003 101 51 7 7 2890
003 30 29 6 6 7350
003 30 7 6 7 4750
003 101 47 6 6 9323
003 111 88 7 7 5247
003 111 65 7 7 7555
003 30 10 7 6 5393
003 30 20 7 7 4207
003 111 104 6 7 6109
003 30 9 6 7 4755
003 30 5 6 6 4293
003 111 82 7 6 5867
003 111 74 6 6 5530
003 111 108 7 6 3258
003 101 45 6 6 2106
003 111 69 6 6 7077
004 1 1 6 6 3399
004 1 1 7 7 2228
004 1 1 7 6 3915
004 30 7 6 6 4539
004 30 31 6 7 5415
004 101 43 6 7 5565
004 30 29 6 6 6168
004 111 98 6 6 3020
004 30 2 6 6 3392
004 111 65 7 6 3389
004 101 56 7 7 4686
004 111 81 6 6 2428
004 111 104 6 6 3067
004 111 101 7 7 2259
004 30 1 6 6 2165
004 30 14 7 7 2317
004 30 6 6 6 7049
004 111 93 6 6 1794
004 111 99 6 6 2082
004 111 102 7 7 3442
004 111 70 7 7 1590
004 30 24 7 7 1919
004 101 44 6 6 2174
004 30 13 7 7 1341
004 30 8 6 6 4472
004 101 40 6 6 2121
004 101 48 6 6 1554
004 101 52 7 7 2223
004 111 80 6 6 2397
004 30 23 7 7 5917
004 111 88 7 7 5865
004 30 5 6 6 3699
004 111 72 7 7 1904
004 111 62 6 6 2116
004 111 96 7 7 5277
004 111 87 6 6 1630
004 111 90 7 7 1747
004 111 100 7 7 1947
004 101 60 7 7 1992
004 30 35 6 7 3980
004 111 78 7 7 4918
004 30 17 7 7 5160
004 111 84 7 7 1726
004 101 41 6 6 1499
004 30 33 6 7 3251
004 101 37 6 6 2312
004 101 55 7 7 3336
004 111 69 6 7 3375
004 111 83 7 6 5880
004 30 19 7 7 3606
004 101 57 7 7 1949
004 30 12 7 7 3380
004 111 89 7 7 2057
004 30 16 7 7 4487
004 111 64 7 7 1842
004 30 32 6 6 2335
004 111 95 7 7 1603
004 101 54 7 7 3421
004 111 66 7 6 7280
004 101 53 7 7 2233
004 30 3 6 6 2575
004 111 92 6 6 4989
004 30 9 6 7 4776
004 101 50 7 7 4529
004 30 28 6 7 8562
004 30 26 7 7 3515
004 30 20 7 7 3501
004 101 58 7 7 2571
004 101 49 7 7 3488
004 111 85 6 6 2399
004 101 47 6 6 4756
004 101 59 7 7 2418
004 111 91 6 6 2850
004 111 68 6 6 1968
004 111 73 6 6 4472
004 111 67 6 6 7292
004 111 76 7 7 4286
004 111 105 6 6 5394
004 111 94 7 7 4644
004 111 77 7 7 2529
004 111 103 6 6 2577
004 111 63 6 7 6044
004 30 27 7 7 2370
004 30 11 7 7 5144
004 30 22 7 7 5116
004 30 10 7 7 2870
004 111 75 6 6 2187
004 30 34 6 6 2722
004 111 74 6 7 6971
004 30 15 7 7 3040
004 111 97 6 7 3164
004 30 18 7 7 2447
004 111 106 7 7 1834
004 30 25 7 7 5355
004 30 4 6 6 2878
004 101 38 6 7 6247
004 111 61 6 6 2540
004 30 36 6 6 4061
004 111 86 6 6 2220
004 111 107 7 7 2273
004 30 21 7 6 7544
004 101 46 6 6 1862
004 30 30 6 6 2490
004 111 108 7 7 2284
004 111 82 7 7 2336
004 101 45 6 6 2396
004 101 39 6 6 1981
004 101 51 7 7 2144
004 111 71 7 7 2255
004 101 42 6 6 2807
004 111 79 6 6 3681
005 1 1 6 6 1736
005 1 1 7 7 1886
005 1 1 7 7 2330
005 30 8 6 7 2650
005 30 30 6 6 2162
005 111 102 7 7 2227
005 111 78 7 7 1605
005 101 41 6 6 1574
005 111 100 7 7 1760
005 30 17 7 6 2652
005 30 31 6 6 1708
005 30 18 7 7 1945
005 30 28 6 7 1979
005 101 39 6 6 1406
005 30 29 6 6 2013
005 111 97 6 7 1485
005 111 79 6 6 3896
005 101 48 6 6 1174
005 111 91 6 6 1422
005 30 34 6 6 1427
005 111 75 6 6 1653
005 111 67 6 6 1757
005 111 77 7 6 2468
005 111 85 6 6 1253
005 111 64 7 7 1345
005 111 63 6 6 1482
005 101 38 6 6 1334
005 101 60 7 6 1909
005 101 44 6 6 1419
005 111 72 7 6 1375
005 111 65 7 6 2447
005 30 19 7 6 2028
005 30 12 7 7 1655
005 30 24 7 7 1853
005 111 81 6 6 1699
005 111 83 7 6 1596
005 101 47 6 7 2508
005 30 11 7 7 3594
005 30 33 6 6 1638
005 30 10 7 7 1822
005 30 22 7 6 3892
005 30 14 7 7 1475
005 30 15 7 6 1592
005 30 7 6 6 1998
005 111 70 7 7 1581
005 111 98 6 7 1524
005 111 61 6 6 1483
005 30 3 6 6 1711
005 111 94 7 6 2860
005 101 54 7 7 3174
005 111 106 7 7 1682
005 111 89 7 7 1320
005 111 108 7 7 1625
005 101 57 7 6 2385
005 111 103 6 6 1446
005 101 42 6 6 1483
005 111 69 6 6 1565
005 30 25 7 7 1808
005 111 99 6 6 1396
005 30 9 6 6 1896
005 30 2 6 7 1519
005 111 84 7 7 1789
005 101 45 6 6 1435
005 101 52 7 7 1666
005 111 68 6 6 1900
005 111 105 6 6 2110
005 30 20 7 7 2030
005 111 76 7 7 1774
005 111 107 7 7 1669
005 30 4 6 6 1498
005 30 5 6 7 2248
005 111 95 7 7 1374
005 101 55 7 7 2665
005 30 36 6 6 1670
005 30 13 7 7 1665
005 30 1 6 6 1848
005 111 66 7 7 1678
005 30 23 7 6 3045
005 111 87 6 6 1450
005 101 59 7 7 1252
005 111 90 7 7 1081
005 111 101 7 7 1626
005 111 104 6 6 1659
005 101 56 7 7 1698
005 30 26 7 7 1680
005 30 16 7 7 1729
005 101 43 6 6 1551
005 111 80 6 6 1724
005 101 51 7 6 1622
005 30 6 6 6 1680
005 30 27 7 6 2253
005 101 49 7 7 1915
005 111 92 6 6 1698
005 101 46 6 6 1289
005 111 74 6 7 2264
005 101 58 7 7 1477
005 111 73 6 7 1554
005 101 40 6 6 1701
005 30 35 6 6 1846
005 111 96 7 7 2008
005 101 50 7 6 1983
005 30 32 6 6 1340
005 111 86 6 6 1524
005 30 21 7 7 3362
005 101 37 6 6 1438
005 111 93 6 6 1271
005 111 71 7 7 1251
005 111 82 7 6 1436
005 111 62 6 6 1208
005 111 88 7 7 1948
006 1 1 6 6 4631
006 1 1 7 7 1954
006 1 1 7 7 2796
006 30 3 6 6 3757
006 111 88 7 7 2782
006 30 31 6 6 13428
006 111 90 7 7 1745
006 101 46 6 6 2663
006 111 89 7 7 1809
006 101 43 6 6 2448
006 111 86 6 6 2869
006 111 61 6 6 2063
006 101 44 6 6 2604
006 111 81 6 6 5396
006 101 42 6 6 1553
006 101 37 6 6 1663
006 30 22 7 6 7296
006 30 13 7 7 1922
006 30 29 6 6 3896
006 111 67 6 6 3044
006 30 9 6 6 5826
006 111 91 6 6 2742
006 101 57 7 7 2290
006 30 16 7 7 2191
006 30 15 7 7 5072
006 30 4 6 6 3054
006 101 41 6 6 3636
006 111 79 6 6 2612
006 111 65 7 6 5259
006 30 25 7 7 2559
006 111 70 7 7 2448
006 30 20 7 7 2445
006 30 17 7 7 3758
006 30 33 6 6 4740
006 111 83 7 7 2160
006 101 38 6 7 3408
006 111 87 6 6 2206
006 30 8 6 6 4554
006 111 78 7 7 2540
006 30 24 7 7 2612
006 111 73 6 6 5776
006 111 85 6 6 2208
006 101 59 7 7 1790
006 101 48 6 6 2190
006 111 80 6 6 2519
006 30 32 6 7 2749
006 30 1 6 6 3227
006 111 108 7 7 2282
006 111 103 6 6 3449
006 30 34 6 6 2666
006 30 26 7 7 3724
006 111 77 7 7 2272
006 30 12 7 7 2836
006 111 102 7 7 2855
006 111 76 7 7 3724
006 111 62 6 6 2093
006 101 50 7 7 2732
006 30 35 6 7 4184
006 30 18 7 7 4615
006 30 7 6 6 4129
006 101 51 7 7 2644
006 101 49 7 7 2246
006 30 21 7 7 9028
006 111 71 7 7 2025
006 30 5 6 6 4129
006 30 23 7 7 3191
006 101 54 7 7 3931
006 111 66 7 7 2488
006 111 84 7 7 2526
006 101 55 7 7 3990
006 111 63 6 6 2495
006 30 10 7 7 3189
006 101 60 7 7 4463
006 111 74 6 6 5162
006 101 47 6 6 2572
006 111 95 7 7 2722
006 30 14 7 7 2247
006 101 52 7 7 1596
006 101 53 7 7 3778
006 111 99 6 6 2430
006 30 36 6 6 4548
006 111 105 6 6 6673
006 111 106 7 7 2436
006 101 45 6 6 3195
006 111 92 6 6 2577
006 111 69 6 6 2108
006 111 93 6 6 1640
006 111 75 6 6 2280
006 111 94 7 7 4180
006 111 68 6 6 2273
006 30 6 6 6 5207
006 111 98 6 6 2881
006 111 101 7 7 3018
006 111 100 7 7 2518
006 101 56 7 7 2145
006 30 19 7 7 4237
006 111 96 7 7 6305
006 111 104 6 6 4189
006 30 28 6 6 3132
006 111 97 6 7 3700
006 30 30 6 6 3074
006 30 27 7 7 4681
006 30 11 7 7 9809
006 101 40 6 6 2167
006 111 64 7 7 2150
006 101 58 7 7 2365
006 111 72 7 7 2569
006 101 39 6 6 1810
006 111 107 7 7 2233
006 111 82 7 7 2955
006 30 2 6 6 2605
007 1 1 6 6 5848
007 1 1 7 7 2129
007 1 1 7 7 4714
007 111 88 7 6 11725
007 101 39 6 6 3192
007 111 68 6 6 2913
007 111 108 7 7 2450
007 30 35 6 6 3691
007 30 28 6 6 3830
007 30 2 6 6 1690
007 111 99 6 6 2654
007 30 20 7 7 3171
007 101 37 6 6 1976
007 30 26 7 6 5942
007 111 80 6 6 2496
007 111 95 7 7 2453
007 111 87 6 6 1794
007 111 81 6 6 2036
007 101 57 7 7 1989
007 111 93 6 6 1832
007 111 92 6 6 2149
007 101 55 7 7 5322
007 30 25 7 7 2877
007 30 31 6 7 3741
007 30 18 7 7 2987
007 111 78 7 7 2323
007 30 34 6 6 2692
007 111 98 6 6 2445
007 111 75 6 6 1835
007 111 100 7 7 3003
007 101 51 7 7 5223
007 30 22 7 7 5064
007 111 85 6 6 1712
007 30 17 7 6 5208
007 30 16 7 7 2071
007 111 107 7 7 1968
007 30 21 7 7 8369
007 111 86 6 6 3485
007 30 19 7 7 4923
007 101 53 7 7 2084
007 111 91 6 6 2603
007 101 42 6 6 2088
007 30 9 6 7 7189
007 30 6 6 6 5207
007 101 59 7 7 2031
007 30 4 6 6 2082
007 101 45 6 6 1861
007 30 13 7 7 2097
007 111 74 6 6 3222
007 30 15 7 7 2270
007 111 102 7 7 2275
007 111 64 7 7 3402
007 30 33 6 6 1804
007 101 41 6 6 1517
007 101 58 7 7 3322
007 111 63 6 6 1866
007 30 24 7 7 2984
007 30 30 6 6 4680
007 111 62 6 6 2073
007 30 27 7 7 5722
007 111 106 7 7 2826
007 101 40 6 6 1612
007 101 47 6 6 2745
007 30 14 7 7 3061
007 101 44 6 6 4999
007 30 3 6 6 2639
007 111 71 7 7 3630
007 111 101 7 7 2449
007 111 96 7 7 3015
007 101 38 6 7 3216
007 111 70 7 7 1758
007 101 43 6 6 2124
007 111 72 7 7 2838
007 101 46 6 6 5851
007 111 105 6 7 3318
007 30 23 7 7 2205
007 30 12 7 7 4962
007 30 1 6 6 7810
007 30 7 6 6 7041
007 101 56 7 7 2705
007 101 49 7 6 3872
007 30 29 6 6 4603
007 111 97 6 7 2671
007 111 94 7 7 2944
007 111 67 6 6 2236
007 30 5 6 6 2279
007 101 48 6 6 1864
007 111 83 7 7 2428
007 111 82 7 7 3328
007 101 60 7 6 1617
007 111 61 6 6 2537
007 111 77 7 6 2515
007 101 54 7 7 2417
007 111 66 7 7 1981
007 30 36 6 6 4078
007 111 90 7 7 2134
007 101 50 7 7 2082
007 111 104 6 6 2658
007 30 11 7 7 4533
007 111 103 6 6 4067
007 111 65 7 6 3934
007 111 69 6 6 3754
007 30 8 6 6 4912
007 111 76 7 7 3541
007 111 84 7 7 2891
007 111 79 6 6 4799
007 111 73 6 6 4728
007 111 89 7 7 1721
007 101 52 7 7 5616
007 30 10 7 7 3143
007 30 32 6 6 3275
008 1 1 6 6 2707
008 1 1 7 7 2145
008 1 1 7 7 3788
008 111 86 6 6 3510
008 111 62 6 6 2658
008 30 29 6 6 3656
008 30 30 6 6 3445
008 111 107 7 7 2471
008 30 34 6 6 2054
008 30 33 6 7 5273
008 101 45 6 6 1965
008 101 57 7 7 2252
008 111 74 6 6 4917
008 111 101 7 7 3215
008 101 60 7 7 3104
008 111 88 7 7 3517
008 111 92 6 6 2988
008 111 76 7 7 3784
008 111 98 6 6 2075
008 111 84 7 7 2582
008 111 91 6 6 3235
008 30 20 7 7 2774
008 30 32 6 6 3024
008 111 77 7 7 2287
008 30 9 6 7 3969
008 30 24 7 7 2877
008 101 37 6 6 1760
008 111 71 7 7 1882
008 30 14 7 7 2216
008 101 38 6 7 3197
008 111 97 6 7 3310
008 30 35 6 6 3217
008 111 69 6 6 2757
008 30 2 6 6 2843
008 30 6 6 7 4138
008 111 72 7 7 1577
008 111 95 7 7 2084
008 111 70 7 7 1696
008 111 94 7 6 3881
008 101 49 7 7 2911
008 101 58 7 7 2844
008 30 19 7 7 3125
008 101 41 6 6 3001
008 111 82 7 7 2354
008 30 4 6 6 1949
008 111 64 7 7 2000
008 111 66 7 7 3183
008 30 5 6 6 3511
008 30 23 7 7 2667
008 111 100 7 7 3390
008 111 93 6 6 2214
008 111 103 6 6 2649
008 30 15 7 6 4214
008 111 63 6 6 2922
008 101 51 7 6 2507
008 30 3 6 6 2882
008 111 65 7 6 3032
008 101 39 6 6 1953
008 111 79 6 6 2792
008 30 18 7 7 3564
008 101 44 6 6 2759
008 111 105 6 6 4398
008 101 59 7 7 2051
008 111 83 7 7 2587
008 111 85 6 6 1859
008 101 46 6 6 2893
008 30 8 6 7 2991
008 30 10 7 7 3154
008 111 102 7 7 3077
008 30 1 6 6 3000
008 101 55 7 6 1872
008 101 42 6 6 1633
008 111 89 7 7 2106
008 111 108 7 7 2151
008 30 26 7 7 2463
008 111 78 7 7 2586
008 111 104 6 6 3599
008 101 48 6 6 2189
008 30 25 7 7 2267
008 101 52 7 7 2718
008 30 27 7 7 2546
008 30 22 7 7 3360
008 30 13 7 7 2133
008 111 80 6 6 2649
008 111 87 6 6 2474
008 30 36 6 6 4228
008 30 7 6 6 2499
008 101 50 7 7 3760
008 111 81 6 6 2399
008 101 54 7 7 2527
008 111 90 7 7 1704
008 101 40 6 6 1655
008 101 43 6 6 3140
008 101 56 7 7 3477
008 30 21 7 7 2871
008 30 28 6 6 3151
008 111 73 6 6 3914
008 111 106 7 7 1944
008 111 96 7 7 2612
008 30 17 7 7 2342
008 30 31 6 7 3575
008 111 67 6 6 3326
008 30 16 7 6 3554
008 30 11 7 7 3131
008 111 75 6 6 2164
008 111 61 6 6 1907
008 101 47 6 6 2667
008 111 68 6 6 2090
008 111 99 6 6 2093
008 101 53 7 7 1974
008 30 12 7 7 2291
009 1 1 6 6 4872
009 1 1 7 7 2634
009 1 1 7 7 5817
009 30 32 6 7 4308
009 30 17 7 7 4336
009 111 87 6 6 2372
009 111 81 6 6 3034
009 30 12 7 7 3160
009 111 80 6 6 3669
009 111 96 7 7 2791
009 101 51 7 7 3612
009 111 76 7 6 3117
009 101 38 6 7 2663
009 111 106 7 7 3463
009 30 36 6 6 4187
009 30 16 7 6 5239
009 111 79 6 6 9144
009 101 50 7 6 7073
009 111 78 7 7 3262
009 30 2 6 6 2161
009 101 56 7 7 3469
009 111 72 7 7 1620
009 111 101 7 7 5997
009 111 108 7 7 4513
009 111 92 6 6 2828
009 30 31 6 6 8525
009 30 13 7 7 2642
009 111 61 6 6 5603
009 111 82 7 7 2986
009 111 74 6 6 9728
009 101 48 6 6 5329
009 101 49 7 7 5714
009 101 45 6 6 3516
009 111 86 6 6 4166
009 30 19 7 6 3693
009 111 105 6 6 3915
009 111 102 7 7 3797
009 111 95 7 7 4310
009 101 52 7 7 3062
009 111 83 7 6 3156
009 111 98 6 6 2256
009 101 41 6 6 2468
009 101 47 6 6 4406
009 101 57 7 7 2381
009 101 40 6 6 1830
009 111 66 7 7 2019
009 30 20 7 7 2278
009 111 93 6 6 3246
009 111 88 7 7 3031
009 111 85 6 6 2547
009 111 97 6 7 3763
009 30 1 6 6 3551
009 30 10 7 7 5321
009 111 64 7 7 2071
009 30 23 7 7 3140
009 30 33 6 6 3728
009 101 55 7 7 6201
009 30 29 6 6 7210
009 30 15 7 7 7765
009 111 69 6 6 4164
009 101 42 6 6 3309
009 30 28 6 6 4066
009 111 67 6 6 11463
009 30 35 6 6 3846
009 111 89 7 7 2446
009 30 6 6 7 14092
009 30 4 6 6 2973
009 101 43 6 7 3662
009 30 30 6 6 4325
009 101 58 7 7 2867
009 111 104 6 6 7569
009 111 70 7 7 7000
009 111 63 6 6 2957
009 111 68 6 6 6528
009 111 94 7 7 5859
009 111 84 7 7 2777
009 111 103 6 6 6217
009 101 59 7 7 4625
009 111 65 7 6 7463
009 111 62 6 6 5073
009 101 53 7 6 6433
009 111 91 6 6 6683
009 30 3 6 6 7675
009 111 73 6 6 9009
009 101 44 6 6 14107
009 30 34 6 7 6731
009 111 71 7 7 1719
009 30 26 7 6 11148
009 111 75 6 6 3327
009 101 46 6 6 8437
009 30 27 7 7 4189
009 111 99 6 6 4388
009 101 37 6 6 3416
009 30 7 6 6 9484
009 30 11 7 7 7487
009 30 21 7 7 5769
009 111 90 7 7 1448
009 101 54 7 7 4715
009 30 14 7 7 2407
009 111 77 7 7 4219
009 30 24 7 7 7339
009 111 100 7 7 4093
009 30 18 7 7 2371
009 30 5 6 6 3143
009 101 39 6 6 2634
009 111 107 7 7 7389
009 30 22 7 6 6531
009 101 60 7 7 3107
009 30 8 6 6 4025
009 30 25 7 6 3210
009 30 9 6 7 4716
011 1 1 6 6 2745
011 1 1 7 7 1710
011 1 1 7 7 3024
011 111 101 7 7 2335
011 101 37 6 6 2165
011 111 80 6 6 2186
011 30 22 7 7 2655
011 30 29 6 6 3289
011 101 54 7 7 2838
011 111 61 6 6 3049
011 111 73 6 7 2111
011 101 39 6 6 1651
011 111 67 6 6 4861
011 30 18 7 7 2494
011 30 25 7 7 3637
011 111 76 7 7 3379
011 30 15 7 7 4208
011 101 51 7 7 2484
011 111 69 6 6 2736
011 111 105 6 6 5018
011 101 53 7 7 2792
011 111 77 7 7 1969
011 111 65 7 6 4153
011 111 104 6 6 2955
011 30 21 7 6 7660
011 30 19 7 7 2622
011 30 33 6 6 4728
011 111 72 7 7 2002
011 30 12 7 7 6504
011 101 42 6 6 2117
011 30 8 6 6 4172
011 111 94 7 7 5468
011 111 103 6 6 3079
011 30 36 6 6 7464
011 30 6 6 7 5447
011 101 58 7 7 2146
011 111 64 7 7 1876
011 30 17 7 7 3064
011 111 107 7 7 2441
011 111 95 7 7 3545
011 30 7 6 6 2984
011 111 83 7 7 1824
011 111 97 6 7 3934
011 30 32 6 6 2479
011 30 2 6 6 1660
011 111 78 7 7 3216
011 111 96 7 7 3555
011 30 23 7 7 2050
011 30 14 7 7 2186
011 111 91 6 6 2239
011 101 49 7 7 5537
011 111 75 6 6 2100
011 111 99 6 6 1649
011 111 87 6 6 1717
011 30 31 6 6 4681
011 111 68 6 6 2240
011 101 47 6 6 3103
011 30 5 6 6 4036
011 101 44 6 7 3448
011 30 16 7 7 3057
011 101 38 6 7 3087
011 111 92 6 6 3018
011 101 59 7 7 2896
011 101 60 7 7 2959
011 30 30 6 6 3207
011 111 90 7 7 1230
011 111 74 6 6 3961
011 111 89 7 7 1585
011 111 82 7 7 5357
011 111 100 7 7 2171
011 101 45 6 6 2158
011 111 93 6 6 3014
011 111 98 6 6 2369
011 111 66 7 7 3296
011 30 10 7 7 3223
011 111 86 6 6 3350
011 30 35 6 6 3868
011 101 55 7 6 1946
011 111 85 6 6 2282
011 101 41 6 6 2145
011 111 88 7 7 3300
011 111 62 6 6 2244
011 111 63 6 6 1837
011 101 50 7 7 2636
011 111 84 7 7 2268
011 111 70 7 7 1801
011 30 11 7 7 3398
011 111 106 7 7 2517
011 111 102 7 7 2730
011 30 24 7 7 2164
011 30 26 7 7 4334
011 111 71 7 7 1414
011 30 3 6 6 2334
011 30 20 7 7 2624
011 30 28 6 6 4353
011 30 13 7 7 2012
011 101 43 6 6 2869
011 30 9 6 6 2356
011 101 40 6 6 2112
011 101 46 6 6 1706
011 101 52 7 6 3863
011 30 34 6 7 5528
011 30 27 7 7 1948
011 30 1 6 6 5894
011 111 81 6 6 1908
011 101 57 7 7 1816
011 101 56 7 7 2231
011 111 108 7 7 1781
011 30 4 6 6 3437
011 101 48 6 6 3635
011 111 79 6 6 3882
012 1 1 6 6 2539
012 1 1 7 7 2208
012 1 1 7 6 3212
012 30 5 6 6 2908
012 30 10 7 7 2492
012 30 20 7 7 3410
012 111 66 7 7 2314
012 111 69 6 6 2420
012 30 16 7 7 2581
012 111 108 7 7 1999
012 111 87 6 6 1852
012 111 84 7 7 2991
012 30 3 6 6 2199
012 101 57 7 7 1912
012 30 21 7 7 5687
012 30 7 6 6 3959
012 111 94 7 7 2535
012 101 38 6 7 4200
012 30 27 7 7 2734
012 101 39 6 6 1653
012 111 93 6 6 1786
012 30 32 6 6 3556
012 101 43 6 6 2476
012 30 26 7 7 3071
012 30 8 6 6 3232
012 111 62 6 6 1875
012 111 70 7 7 1733
012 101 56 7 7 2445
012 30 6 6 6 3473
012 111 90 7 7 1477
012 111 85 6 6 2044
012 30 36 6 6 4738
012 30 12 7 7 2375
012 111 100 7 7 3393
012 111 63 6 6 3303
012 30 23 7 7 3155
012 111 75 6 6 2374
012 111 72 7 7 1620
012 111 74 6 7 3087
012 111 92 6 6 2859
012 101 45 6 6 1946
012 111 95 7 7 2441
012 101 51 7 7 2722
012 111 82 7 7 2142
012 30 34 6 6 2776
012 101 44 6 6 4796
012 30 33 6 6 5708
012 101 60 7 7 2422
012 101 41 6 6 1442
012 30 22 7 7 3046
012 30 14 7 7 2434
012 111 101 7 7 2906
012 101 53 7 7 2337
012 111 67 6 6 3131
012 30 29 6 6 3865
012 111 76 7 7 2590
012 30 15 7 7 3750
012 111 86 6 6 2363
012 111 88 7 7 2857
012 30 4 6 6 2479
012 111 103 6 6 2416
012 101 48 6 6 2001
012 111 99 6 6 2835
012 111 91 6 6 2663
012 111 78 7 7 6317
012 101 46 6 6 2206
012 111 97 6 7 3008
012 111 96 7 7 3035
012 30 35 6 6 4312
012 30 9 6 6 5652
012 101 40 6 6 1652
012 30 30 6 6 3488
012 111 83 7 7 2216
012 111 105 6 6 4889
012 30 11 7 7 4750
012 30 2 6 6 1859
012 101 54 7 7 2360
012 101 52 7 7 1968
012 30 31 6 6 4354
012 30 1 6 6 3453
012 111 98 6 6 2887
012 111 77 7 7 1984
012 111 68 6 6 2364
012 101 50 7 7 2973
012 30 25 7 7 2327
012 111 65 7 6 5296
012 111 71 7 7 2356
012 111 107 7 7 2153
012 101 47 6 6 3201
012 111 79 6 6 2508
012 101 58 7 7 2584
012 111 61 6 6 2486
012 30 17 7 7 4714
012 101 55 7 7 2141
012 30 13 7 7 2491
012 30 18 7 7 2547
012 111 89 7 7 2744
012 101 42 6 6 1641
012 111 64 7 7 2092
012 111 80 6 6 2902
012 30 28 6 6 2698
012 101 49 7 7 2325
012 111 104 6 6 3328
012 101 59 7 7 2166
012 30 24 7 7 2429
012 111 81 6 6 2277
012 101 37 6 6 2033
012 111 102 7 7 2627
012 111 73 6 6 3077
012 30 19 7 7 4202
012 111 106 7 7 2218
013 1 1 6 6 3488
013 1 1 7 7 1994
013 1 1 7 7 3924
013 30 36 6 6 5280
013 30 12 7 7 3962
013 111 65 7 6 3675
013 101 41 6 6 2913
013 111 62 6 6 2626
013 30 35 6 7 4028
013 111 106 7 7 2342
013 30 8 6 6 3338
013 101 45 6 7 3716
013 111 88 7 7 3623
013 30 21 7 7 7928
013 30 25 7 7 3105
013 101 60 7 7 2742
013 30 15 7 6 4278
013 111 84 7 7 2154
013 111 78 7 7 2383
013 111 104 6 6 2272
013 111 63 6 6 1785
013 111 89 7 7 1896
013 111 81 6 6 1524
013 111 105 6 7 7602
013 111 96 7 6 3053
013 111 61 6 6 1812
013 30 11 7 7 8106
013 101 47 6 6 2914
013 101 39 6 6 1837
013 30 16 7 7 3416
013 101 57 7 7 2245
013 30 19 7 7 4019
013 111 67 6 6 3556
013 111 77 7 7 1720
013 101 56 7 7 1780
013 111 103 6 6 1728
013 101 53 7 7 2063
013 111 74 6 6 6668
013 111 91 6 6 2390
013 111 76 7 7 3313
013 111 108 7 7 2152
013 111 86 6 6 2939
013 101 48 6 6 2169
013 101 50 7 7 2741
013 111 85 6 6 3435
013 111 73 6 7 2362
013 101 54 7 7 2021
013 101 58 7 7 2510
013 30 30 6 6 2404
013 30 26 7 7 6048
013 30 31 6 6 3801
013 111 80 6 6 2035
013 101 51 7 7 5615
013 111 70 7 7 2169
013 111 92 6 6 2607
013 111 90 7 7 1669
013 101 44 6 6 4377
013 111 75 6 6 2368
013 101 42 6 6 1956
013 111 102 7 7 3220
013 30 28 6 7 7384
013 111 101 7 7 2925
013 30 27 7 7 2687
013 101 38 6 7 2264
013 30 1 6 6 3019
013 111 98 6 6 3066
013 30 22 7 6 4459
013 111 69 6 6 1749
013 30 14 7 7 1986
013 111 72 7 7 1650
013 101 59 7 7 3525
013 30 13 7 7 1821
013 101 52 7 7 1927
013 101 49 7 7 2050
013 111 83 7 7 2152
013 111 93 6 6 10646
013 30 20 7 7 2250
013 111 94 7 7 4666
013 30 24 7 7 2715
013 101 43 6 6 2698
013 30 29 6 6 2895
013 30 34 6 6 2934
013 111 99 6 6 2068
013 30 33 6 6 4136
013 30 10 7 7 2541
013 30 23 7 7 3366
013 30 5 6 6 6216
013 111 87 6 6 2658
013 30 17 7 7 7367
013 111 71 7 7 2681
013 30 32 6 6 2921
013 111 79 6 6 3253
013 111 64 7 7 5587
013 101 55 7 7 2011
013 111 107 7 7 2147
013 101 40 6 6 4856
013 30 18 7 7 3094
013 30 4 6 6 2512
013 111 66 7 7 2813
013 111 82 7 7 4891
013 30 2 6 6 1797
013 30 7 6 6 4473
013 30 3 6 6 2032
013 111 100 7 7 2747
013 111 97 6 7 2645
013 30 6 6 6 5216
013 101 37 6 6 2773
013 111 68 6 6 1671
013 30 9 6 6 3794
013 111 95 7 7 2993
013 101 46 6 6 3404
014 1 1 6 6 3118
014 1 1 7 7 2662
014 1 1 7 7 4430
014 111 88 7 7 3905
014 111 68 6 6 2396
014 111 79 6 6 4264
014 30 28 6 6 3037
014 111 63 6 7 5843
014 30 9 6 6 4166
014 111 106 7 7 2022
014 101 52 7 7 3090
014 30 30 6 6 2996
014 30 25 7 7 4653
014 101 51 7 7 3532
014 101 41 6 6 6028
014 101 53 7 7 3953
014 111 80 6 6 2624
014 101 57 7 7 2878
014 30 36 6 6 5555
014 111 74 6 6 4009
014 30 11 7 6 7921
014 101 48 6 6 4418
014 111 70 7 7 2051
014 101 42 6 6 2115
014 30 2 6 6 1881
014 101 40 6 6 1627
014 30 13 7 7 2174
014 111 83 7 7 5237
014 30 16 7 7 3243
014 101 50 7 7 2802
014 111 89 7 7 2326
014 111 71 7 7 2059
014 111 102 7 7 3480
014 111 104 6 6 3128
014 111 78 7 7 4081
014 101 47 6 6 3590
014 30 7 6 6 5915
014 111 65 7 6 3563
014 111 101 7 7 4083
014 111 69 6 6 2635
014 101 44 6 6 4839
014 111 64 7 7 1675
014 111 82 7 7 2142
014 111 98 6 6 2948
014 30 35 6 6 3091
014 30 10 7 7 4365
014 111 61 6 6 2181
014 111 81 6 6 1847
014 30 19 7 6 5402
014 101 45 6 6 2026
014 30 18 7 7 2526
014 30 5 6 6 3184
014 30 4 6 6 2084
014 111 108 7 7 2143
014 111 62 6 6 1711
014 111 67 6 6 3367
014 30 34 6 6 3592
014 30 1 6 6 4279
014 30 15 7 6 3370
014 101 55 7 6 3152
014 30 14 7 7 2421
014 111 84 7 7 2441
014 111 77 7 7 2061
014 111 73 6 6 6404
014 111 95 7 7 2350
014 111 76 7 6 5349
014 111 66 7 7 3368
014 30 31 6 6 3782
014 111 96 7 7 4274
014 30 33 6 6 3324
014 30 20 7 7 4220
014 111 107 7 7 2299
014 101 58 7 7 1893
014 30 32 6 6 2132
014 111 94 7 7 2643
014 30 27 7 7 2607
014 111 97 6 7 2620
014 111 86 6 6 2463
014 101 46 6 6 1889
014 30 17 7 7 3601
014 30 29 6 6 3918
014 30 8 6 6 9176
014 101 54 7 7 8235
014 101 59 7 7 1980
014 30 21 7 7 3892
014 101 38 6 6 7114
014 111 103 6 6 2240
014 101 43 6 6 2548
014 111 87 6 6 2007
014 30 26 7 7 3192
014 111 75 6 6 2056
014 101 49 7 7 2497
014 30 23 7 7 3325
014 111 99 6 6 3703
014 101 56 7 7 2570
014 30 12 7 7 3955
014 111 72 7 7 2278
014 101 37 6 6 1922
014 111 90 7 7 1556
014 101 60 7 7 2628
014 30 22 7 7 2713
014 101 39 6 6 1942
014 111 92 6 6 2021
014 111 85 6 6 2203
014 111 105 6 6 4384
014 111 100 7 7 2868
014 30 3 6 6 2448
014 111 91 6 6 2698
014 111 93 6 6 1572
014 30 24 7 7 2244
014 30 6 6 6 5270
015 1 1 6 6 5894
015 1 1 7 7 2491
015 1 1 7 7 3938
015 101 48 6 6 4590
015 111 77 7 7 3325
015 111 79 6 6 2315
015 101 52 7 6 2695
015 111 73 6 7 3699
015 30 25 7 6 2314
015 30 1 6 6 3553
015 111 70 7 7 2591
015 111 74 6 6 5879
015 111 88 7 7 2620
015 111 91 6 6 2566
015 30 23 7 7 2811
015 111 92 6 6 6361
015 111 99 6 6 4255
015 111 85 6 6 1845
015 30 21 7 7 4563
015 30 19 7 6 5775
015 30 30 6 6 3998
015 101 47 6 6 7538
015 111 83 7 7 3298
015 101 41 6 6 3435
015 30 8 6 6 3245
015 30 36 6 6 5075
015 111 108 7 7 2165
015 111 104 6 6 2940
015 111 82 7 7 2228
015 111 63 6 6 1746
015 111 75 6 6 1987
015 111 69 6 6 2881
015 111 84 7 7 2310
015 111 96 7 6 6222
015 111 103 6 6 2798
015 101 54 7 6 7546
015 101 58 7 6 2709
015 111 101 7 7 3186
015 101 53 7 6 4985
015 111 81 6 6 2205
015 101 56 7 7 2659
015 111 66 7 7 2319
015 30 27 7 7 2320
015 30 29 6 6 4561
015 111 100 7 6 3301
015 30 7 6 6 3175
015 111 93 6 6 1605
015 30 33 6 6 6056
015 30 11 7 7 4816
015 30 28 6 6 3483
015 30 18 7 7 5592
015 111 67 6 6 8738
015 111 90 7 6 1450
015 111 89 7 7 1696
015 111 64 7 7 2055
015 111 72 7 7 1728
015 101 57 7 7 2875
015 30 35 6 6 4449
015 111 106 7 7 2073
015 30 26 7 7 4053
015 30 9 6 6 3127
015 30 13 7 7 1966
015 30 20 7 7 3489
015 30 2 6 6 1647
015 101 51 7 7 2957
015 101 37 6 6 1922
015 111 62 6 6 1976
015 111 102 7 7 2886
015 111 105 6 6 3347
015 111 97 6 7 2369
015 111 94 7 7 4086
015 101 55 7 7 2010
015 111 68 6 6 3265
015 111 107 7 7 1833
015 101 44 6 6 2115
015 111 71 7 7 1530
015 101 43 6 6 5398
015 101 42 6 6 1870
015 111 98 6 6 2214
015 30 24 7 7 2316
015 30 15 7 7 4602
015 30 32 6 6 3643
015 30 5 6 6 2587
015 101 39 6 6 1841
015 30 22 7 7 3923
015 111 87 6 6 1874
015 101 59 7 7 2623
015 30 10 7 7 3320
015 111 76 7 7 4441
015 30 12 7 7 2692
015 111 86 6 6 1909
015 111 78 7 7 2421
015 30 16 7 7 3336
015 30 17 7 7 3461
015 111 61 6 6 2100
015 30 31 6 6 6181
015 101 60 7 7 3518
015 101 38 6 7 2480
015 30 6 6 6 9278
015 111 65 7 6 3882
015 30 14 7 7 2174
015 101 45 6 6 2045
015 30 4 6 6 5080
015 101 49 7 6 2015
015 111 80 6 6 2421
015 101 40 6 6 3020
015 30 3 6 6 2650
015 30 34 6 6 2144
015 111 95 7 7 2573
015 101 50 7 7 3957
015 101 46 6 6 4693
016 1 1 6 6 3552
016 1 1 7 7 2241
016 1 1 7 7 2238
016 111 77 7 6 2375
016 101 38 6 6 4869
016 111 96 7 6 9145
016 30 34 6 6 2517
016 111 76 7 7 4315
016 111 74 6 6 3906
016 111 64 7 7 1910
016 101 41 6 6 3091
016 111 101 7 7 2611
016 111 68 6 7 3670
016 101 39 6 6 2323
016 30 15 7 6 2525
016 101 60 7 7 3178
016 30 8 6 6 8234
016 111 82 7 7 3556
016 30 19 7 7 3846
016 30 25 7 7 3306
016 101 47 6 6 7603
016 111 97 6 6 2402
016 30 6 6 6 7023
016 111 108 7 7 2551
016 30 10 7 7 3336
016 30 30 6 6 3132
016 101 42 6 6 2555
016 111 75 6 6 2416
016 111 105 6 6 4370
016 30 7 6 6 7642
016 30 2 6 6 2777
016 111 95 7 7 2457
016 30 5 6 6 2838
016 101 44 6 6 2756
016 101 56 7 7 3674
016 30 16 7 7 2768
016 30 3 6 7 4928
016 30 20 7 7 2873
016 111 67 6 6 1949
016 30 29 6 6 4115
016 101 55 7 7 1992
016 101 57 7 7 2497
016 111 90 7 7 1715
016 30 24 7 7 2674
016 111 84 7 7 4484
016 111 73 6 7 5207
016 111 93 6 6 2484
016 30 18 7 7 4070
016 111 106 7 7 2628
016 101 51 7 6 3692
016 111 63 6 6 1826
016 111 83 7 7 2088
016 111 61 6 6 2194
016 30 28 6 6 2560
016 111 62 6 6 2586
016 101 54 7 6 5376
016 111 66 7 7 2403
016 101 49 7 7 6162
016 111 78 7 7 2165
016 111 80 6 6 4599
016 111 89 7 7 1769
016 111 102 7 7 2626
016 111 104 6 6 4084
016 101 46 6 6 2050
016 111 98 6 6 2001
016 30 26 7 7 2810
016 111 107 7 7 2033
016 30 33 6 6 2987
016 30 14 7 7 1956
016 111 79 6 6 2133
016 30 31 6 6 4836
016 111 103 6 7 3421
016 111 92 6 6 2325
016 101 50 7 7 8083
016 30 35 6 6 3787
016 30 27 7 7 2450
016 30 36 6 6 4475
016 30 12 7 7 3153
016 111 91 6 6 3083
016 111 70 7 7 1773
016 30 32 6 6 2153
016 111 100 7 7 2397
016 111 69 6 6 2702
016 111 71 7 7 1544
016 111 88 7 7 2416
016 30 17 7 7 2983
016 30 22 7 6 3726
016 30 21 7 6 3325
016 111 86 6 6 1942
016 101 52 7 7 3856
016 111 87 6 6 2053
016 111 81 6 6 1495
016 101 37 6 7 3079
016 101 40 6 6 1442
016 111 99 6 6 3766
016 30 23 7 7 3992
016 30 11 7 7 3869
016 101 58 7 7 2485
016 30 1 6 6 2807
016 101 45 6 6 2881
016 30 4 6 7 4067
016 101 53 7 7 2394
016 111 94 7 7 2259
016 111 85 6 6 2015
016 111 72 7 7 2986
016 30 9 6 7 3497
016 111 65 7 6 3788
016 30 13 7 7 2743
016 101 43 6 6 4020
016 101 59 7 7 2325
016 101 48 6 6 3907
017 1 1 6 6 2757
017 1 1 7 7 2221
017 1 1 7 7 5604
017 111 75 6 6 2702
017 30 24 7 7 6164
017 101 52 7 7 2300
017 111 106 7 7 1860
017 30 31 6 6 7063
017 30 28 6 6 3115
017 111 103 6 6 3298
017 30 15 7 7 6648
017 111 74 6 7 8612
017 111 63 6 6 1773
017 111 79 6 6 9303
017 111 107 7 7 2068
017 30 34 6 6 4879
017 30 26 7 7 4836
017 111 89 7 7 1711
017 30 35 6 6 5002
017 30 11 7 7 6134
017 30 8 6 6 2956
017 101 50 7 7 9403
017 111 69 6 6 2178
017 111 66 7 7 2842
017 111 88 7 7 12268
017 101 54 7 6 3660
017 101 39 6 6 1658
017 30 6 6 6 9940
017 111 86 6 6 3710
017 30 16 7 7 2845
017 111 67 6 7 3413
017 30 23 7 7 4754
017 101 51 7 7 4765
017 111 95 7 7 5647
017 111 101 7 7 2478
017 30 13 7 7 1695
017 111 84 7 7 2662
017 101 43 6 6 2534
017 111 62 6 6 1876
017 101 47 6 6 3373
017 101 40 6 6 1644
017 30 25 7 7 2976
017 30 21 7 7 8643
017 111 92 6 6 2098
017 101 57 7 7 1748
017 30 2 6 6 4508
017 101 37 6 6 2230
017 30 20 7 7 3208
017 101 38 6 7 2863
017 111 87 6 6 4534
017 101 56 7 7 2304
017 111 99 6 7 1979
017 101 60 7 6 4900
017 111 78 7 7 4638
017 30 12 7 7 2784
017 111 100 7 7 2406
017 30 1 6 6 4127
017 101 55 7 7 1814
017 111 104 6 6 5738
017 30 36 6 6 6887
017 111 81 6 6 2009
017 101 58 7 7 3563
017 101 44 6 6 7798
017 111 90 7 7 4340
017 111 70 7 7 2706
017 30 5 6 6 4920
017 30 18 7 7 2820
017 30 33 6 6 9276
017 111 71 7 7 1630
017 111 91 6 6 4689
017 101 41 6 6 4592
017 111 82 7 7 2019
017 111 77 7 7 6121
017 101 59 7 7 5781
017 111 94 7 6 2753
017 111 68 6 6 2431
017 30 32 6 6 2627
017 101 46 6 7 2236
017 111 96 7 7 5704
017 101 53 7 7 4826
017 111 80 6 6 4241
017 30 7 6 6 11427
017 30 10 7 7 2929
017 111 97 6 7 2896
017 111 85 6 6 1693
017 101 48 6 6 2644
017 111 61 6 6 2089
017 111 76 7 7 6412
017 111 98 6 6 3451
017 30 29 6 6 3089
017 101 45 6 6 2007
017 30 4 6 6 5820
017 111 72 7 7 1782
017 30 9 6 6 10921
017 30 27 7 7 2340
017 30 17 7 7 4024
017 30 3 6 6 2424
017 30 30 6 6 2523
017 111 108 7 7 1864
017 111 105 6 6 4300
017 111 102 7 7 2250
017 111 65 7 6 3755
017 30 22 7 7 4535
017 111 73 6 7 8889
017 30 19 7 7 2756
017 30 14 7 7 2065
017 111 93 6 6 1657
017 111 83 7 7 3127
017 101 42 6 6 1835
017 101 49 7 7 5449
017 111 64 7 6 1900
018 1 1 6 6 2137
018 1 1 7 7 1903
018 1 1 7 7 2348
018 111 68 6 6 2275
018 101 56 7 6 3417
018 111 75 6 6 1874
018 111 80 6 6 3440
018 111 65 7 6 3064
018 30 22 7 7 4111
018 111 62 6 6 1728
018 30 28 6 6 2267
018 30 34 6 6 5639
018 111 88 7 7 2380
018 30 11 7 7 4868
018 101 54 7 7 1911
018 30 33 6 6 8443
018 111 64 7 7 1592
018 111 91 6 6 2280
018 101 60 7 7 3750
018 111 90 7 7 1707
018 30 20 7 7 2441
018 111 104 6 6 4501
018 111 74 6 6 2601
018 30 21 7 7 5345
018 101 39 6 6 1770
018 111 101 7 7 2744
018 101 57 7 7 2303
018 111 83 7 6 4011
018 111 92 6 6 1853
018 111 102 7 7 1672
018 111 82 7 7 2258
018 101 59 7 7 1588
018 111 96 7 7 3814
018 30 24 7 7 2453
018 30 25 7 7 2661
018 111 100 7 7 1979
018 101 52 7 6 3391
018 101 42 6 6 1685
018 111 93 6 6 1311
018 30 29 6 6 2681
018 30 35 6 7 4298
018 30 16 7 7 2243
018 111 106 7 7 2177
018 111 69 6 6 1894
018 111 72 7 7 1411
018 101 47 6 6 2772
018 30 15 7 6 2765
018 111 87 6 6 1488
018 101 50 7 7 4897
018 111 73 6 7 1849
018 101 48 6 6 1405
018 111 63 6 6 1645
018 30 30 6 7 3141
018 111 79 6 6 4605
018 101 46 6 6 3521
018 111 81 6 6 1988
018 111 105 6 6 4390
018 101 43 6 6 2110
018 30 27 7 7 2589
018 30 6 6 6 4099
018 111 84 7 7 2488
018 30 13 7 7 1901
018 111 97 6 7 3709
018 30 18 7 7 2703
018 111 77 7 7 3335
018 111 66 7 7 2136
018 111 103 6 6 2799
018 30 7 6 6 2779
018 30 3 6 6 2428
018 111 95 7 7 2054
018 30 32 6 6 2072
018 30 14 7 7 1745
018 111 78 7 7 2502
018 111 71 7 7 2112
018 30 2 6 6 2463
018 111 94 7 7 2222
018 111 67 6 7 3203
018 30 8 6 6 2653
018 101 49 7 7 4428
018 101 51 7 7 3314
018 30 31 6 7 3231
018 101 37 6 6 2053
018 101 44 6 6 3178
018 101 40 6 6 1407
018 30 12 7 7 2793
018 30 19 7 6 2641
018 111 70 7 7 1789
018 111 107 7 7 1940
018 30 17 7 6 5205
018 101 41 6 6 1861
018 111 86 6 6 1628
018 111 89 7 7 2619
018 30 1 6 6 3815
018 30 10 7 7 3091
018 101 38 6 7 2763
018 111 108 7 7 2279
018 30 5 6 6 2172
018 101 55 7 7 5132
018 30 23 7 7 2448
018 101 45 6 6 2406
018 101 53 7 7 2723
018 111 85 6 6 1370
018 30 4 6 6 1846
018 111 76 7 7 4206
018 30 36 6 6 2592
018 111 99 6 7 2417
018 101 58 7 7 2068
018 111 61 6 6 2085
018 111 98 6 6 2151
018 30 9 6 6 2353
018 30 26 7 6 4577
019 1 1 6 7 8284
019 1 1 7 7 2875
019 1 1 7 7 5247
019 111 70 7 7 2262
019 30 25 7 7 9326
019 101 54 7 7 6432
019 30 12 7 7 8254
019 30 7 6 6 7024
019 30 17 7 7 4206
019 30 24 7 7 3292
019 30 22 7 7 4617
019 101 46 6 6 6527
019 111 94 7 7 4300
019 111 78 7 7 4491
019 111 101 7 7 5920
019 111 65 7 6 6387
019 111 67 6 7 9616
019 101 38 6 7 7395
019 30 4 6 6 6667
019 111 96 7 7 4025
019 111 61 6 6 2529
019 30 11 7 6 7264
019 30 2 6 6 6708
019 111 81 6 6 6663
019 30 3 6 7 4730
019 111 82 7 7 2989
019 111 68 6 6 2714
019 30 31 6 6 9826
019 111 105 6 6 6520
019 30 21 7 7 5207
019 30 1 6 6 5506
019 101 40 6 6 2264
019 111 108 7 7 3843
019 111 103 6 6 7690
019 101 50 7 7 3728
019 30 36 6 6 5748
019 101 44 6 6 2551
019 111 64 7 7 1900
019 30 20 7 7 3954
019 101 37 6 6 3656
019 101 59 7 7 3068
019 101 51 7 7 4479
019 111 93 6 6 2215
019 30 15 7 7 4471
019 111 99 6 6 4105
019 111 63 6 6 2697
019 111 62 6 6 2591
019 30 29 6 6 4335
019 30 5 6 6 3089
019 111 85 6 6 1965
019 30 26 7 6 7208
019 101 58 7 7 1802
019 101 53 7 6 8771
019 30 27 7 7 3114
019 111 102 7 7 2649
019 111 87 6 6 1988
019 101 47 6 6 7051
019 111 79 6 6 1977
019 101 42 6 6 2618
019 101 41 6 6 3987
019 30 8 6 6 8987
019 30 35 6 6 11920
019 111 83 7 7 2692
019 101 48 6 6 4931
019 101 43 6 6 6382
019 111 106 7 7 4708
019 30 10 7 7 2463
019 30 6 6 6 5319
019 111 86 6 6 3075
019 111 73 6 7 2889
019 111 66 7 7 2891
019 101 56 7 7 3470
019 111 104 6 6 3386
019 111 91 6 6 2866
019 111 100 7 7 3356
019 101 55 7 7 2787
019 111 84 7 7 4097
019 30 14 7 7 3136
019 30 19 7 7 4290
019 111 71 7 7 1815
019 111 98 6 6 6314
019 111 92 6 6 3169
019 111 72 7 7 3704
019 111 76 7 6 5470
019 111 107 7 7 4966
019 111 95 7 7 2548
019 30 33 6 6 5139
019 30 9 6 6 4301
019 101 52 7 7 2921
019 111 74 6 6 5027
019 111 69 6 6 2358
019 30 13 7 7 2180
019 101 49 7 7 4841
019 30 18 7 7 2712
019 111 88 7 7 3113
019 101 39 6 6 2766
019 111 77 7 7 3846
019 101 60 7 7 3744
019 30 32 6 7 3065
019 111 75 6 6 2555
019 111 80 6 6 2996
019 101 45 6 6 2357
019 101 57 7 7 2016
019 111 90 7 7 2429
019 111 97 6 7 3404
019 30 28 6 6 4798
019 30 30 6 6 5227
019 30 23 7 7 3823
019 111 89 7 7 1716
019 30 34 6 6 3543
019 30 16 7 7 3271
020 1 1 6 7 3366
020 1 1 7 7 2127
020 1 1 7 7 1920
020 30 1 6 6 3556
020 30 2 6 6 3811
020 30 3 6 7 3269
020 30 4 6 7 6355
020 30 5 6 6 2305
020 30 6 6 6 4725
020 30 7 6 7 5416
020 30 8 6 6 2751
020 30 9 6 6 3297
020 30 10 7 7 2538
020 30 11 7 6 3044
020 30 12 7 7 2051
020 30 13 7 7 1784
020 30 14 7 7 1551
020 30 15 7 7 3709
020 30 16 7 6 1773
020 30 17 7 7 3066
020 30 18 7 7 1948
020 30 19 7 6 2479
020 30 20 7 7 2509
020 30 21 7 6 3133
020 30 22 7 6 3491
020 30 23 7 7 1988
020 30 24 7 7 1916
020 30 25 7 7 1819
020 30 26 7 7 2951
020 30 27 7 7 3459
020 30 28 6 6 2936
020 30 29 6 6 5206
020 30 30 6 6 2531
020 30 31 6 6 4614
020 30 32 6 6 2636
020 30 33 6 7 1878
020 30 34 6 6 1740
020 30 35 6 7 2399
020 30 36 6 7 2188
020 101 37 6 6 1873
020 101 38 6 7 1865
020 101 39 6 6 2284
020 101 40 6 6 1602
020 101 41 6 6 2028
020 101 42 6 6 1648
020 101 43 6 6 2222
020 101 44 6 6 2623
020 101 45 6 6 1586
020 101 46 6 6 1639
020 101 47 6 6 2939
020 101 48 6 6 1405
020 101 49 7 7 2466
020 101 50 7 7 2240
020 101 51 7 7 2257
020 101 52 7 7 2346
020 101 53 7 7 1765
020 101 54 7 7 1739
020 101 55 7 7 1660
020 101 56 7 7 1416
020 101 57 7 7 2658
020 101 58 7 7 2981
020 101 59 7 7 1488
020 101 60 7 6 1511
020 111 61 6 6 2240
020 111 62 6 6 1502
020 111 63 6 6 1642
020 111 64 7 7 1352
020 111 65 7 6 3233
020 111 66 7 7 1573
020 111 67 6 6 2517
020 111 68 6 6 1586
020 111 69 6 6 1654
020 111 70 7 7 1669
020 111 71 7 7 1545
020 111 72 7 7 1449
020 111 73 6 6 1777
020 111 74 6 6 1606
020 111 75 6 6 1816
020 111 76 7 7 2440
020 111 77 7 7 1648
020 111 78 7 6 3156
020 111 79 6 6 2154
020 111 80 6 6 2007
020 111 81 6 6 1472
020 111 82 7 6 1613
020 111 83 7 7 4589
020 111 84 7 7 1873
020 111 85 6 6 1592
020 111 86 6 6 1477
020 111 87 6 6 1737
020 111 88 7 7 2203
020 111 89 7 7 1610
020 111 90 7 7 1278
020 111 91 6 6 1699
020 111 92 6 6 1604
020 111 93 6 6 1390
020 111 94 7 6 2159
020 111 95 7 7 2700
020 111 96 7 7 2408
020 111 97 6 7 2578
020 111 98 6 6 1994
020 111 99 6 6 1333
020 111 100 7 7 2344
020 111 101 7 7 1667
020 111 102 7 7 1909
020 111 103 6 7 1509
020 111 104 6 7 3206
020 111 105 6 7 4781
020 111 106 7 7 1838
020 111 107 7 7 1650
020 111 108 7 7 1350
021 1 1 6 6 4082
021 1 1 7 7 2187
021 1 1 7 7 2454
021 30 26 7 7 4188
021 111 81 6 6 2754
021 30 17 7 6 3811
021 111 101 7 7 2444
021 101 57 7 7 1760
021 30 29 6 6 3952
021 101 48 6 6 1902
021 30 7 6 6 2629
021 111 96 7 6 7799
021 111 98 6 6 1944
021 30 1 6 6 2202
021 111 94 7 7 2430
021 111 89 7 7 1671
021 111 72 7 7 1379
021 111 65 7 6 4783
021 111 75 6 6 2010
021 30 11 7 7 2378
021 111 68 6 6 1815
021 30 21 7 7 6857
021 111 100 7 7 2289
021 101 43 6 6 2284
021 30 27 7 7 2330
021 101 53 7 7 3192
021 30 33 6 6 2569
021 111 102 7 7 2746
021 30 32 6 6 3469
021 111 66 7 7 4138
021 111 64 7 7 1478
021 30 18 7 7 3565
021 101 52 7 7 3215
021 101 50 7 7 2957
021 30 23 7 7 3418
021 30 10 7 7 3068
021 30 15 7 7 4401
021 111 103 6 6 2154
021 30 34 6 7 3767
021 101 54 7 6 4833
021 111 88 7 7 6267
021 111 95 7 7 1903
021 101 46 6 6 2003
021 30 12 7 7 2351
021 30 28 6 6 2768
021 111 77 7 7 2004
021 111 71 7 7 1321
021 111 86 6 6 2018
021 111 79 6 6 4929
021 111 80 6 6 2460
021 111 92 6 6 1670
021 111 82 7 7 2213
021 30 19 7 6 6431
021 30 4 6 6 2280
021 101 58 7 7 3119
021 30 20 7 7 2580
021 101 51 7 6 4795
021 111 67 6 7 2056
021 30 24 7 7 2248
021 111 93 6 6 1678
021 30 31 6 6 2521
021 30 3 6 6 1899
021 111 99 6 6 4918
021 30 16 7 7 2377
021 111 83 7 7 2070
021 30 13 7 7 1561
021 101 56 7 7 2132
021 111 69 6 6 1982
021 30 35 6 6 2537
021 111 74 6 7 3339
021 30 5 6 6 2476
021 30 8 6 6 3393
021 30 30 6 6 2762
021 111 106 7 7 3072
021 111 108 7 7 2000
021 101 40 6 6 1427
021 111 105 6 6 4848
021 101 37 6 6 1926
021 111 85 6 6 1663
021 101 45 6 6 1923
021 101 49 7 7 2372
021 30 6 6 6 10609
021 30 2 6 6 1374
021 30 9 6 7 6567
021 101 42 6 6 1782
021 111 70 7 7 1292
021 101 38 6 7 1788
021 30 14 7 7 1612
021 111 73 6 7 3700
021 30 25 7 7 1705
021 111 90 7 7 1194
021 30 22 7 7 3641
021 111 107 7 7 1979
021 101 60 7 7 2782
021 111 97 6 7 3012
021 111 63 6 6 1340
021 111 61 6 6 1809
021 101 39 6 6 1487
021 101 44 6 6 2360
021 101 41 6 6 1912
021 101 59 7 7 2350
021 111 62 6 6 1553
021 101 47 6 6 3821
021 111 76 7 7 1903
021 111 104 6 6 2030
021 101 55 7 7 4005
021 111 78 7 7 3520
021 30 36 6 6 6095
021 111 87 6 6 1511
021 111 84 7 6 4028
021 111 91 6 6 1788
022 1 1 6 7 3420
022 1 1 7 7 2397
022 1 1 7 7 2709
022 101 51 7 6 3077
022 30 19 7 7 5402
022 101 50 7 7 3363
022 30 18 7 7 2981
022 111 84 7 7 3018
022 101 47 6 6 2868
022 101 44 6 6 3531
022 111 82 7 7 1974
022 30 1 6 6 3213
022 30 32 6 6 2987
022 101 54 7 6 2165
022 30 13 7 7 2123
022 101 42 6 7 1906
022 111 74 6 7 3546
022 111 61 6 6 2076
022 111 70 7 7 2488
022 101 59 7 7 2120
022 30 4 6 6 5249
022 101 48 6 6 1920
022 30 3 6 6 4083
022 111 91 6 6 2710
022 30 23 7 7 1877
022 111 90 7 7 1644
022 111 69 6 6 1567
022 111 64 7 7 2796
022 111 101 7 7 2187
022 111 65 7 6 4766
022 111 105 6 6 3206
022 111 85 6 6 1587
022 101 52 7 7 1992
022 101 56 7 7 1807
022 111 87 6 6 1823
022 111 103 6 6 2291
022 111 107 7 7 2259
022 111 102 7 7 2480
022 30 34 6 6 3356
022 111 98 6 6 1914
022 30 6 6 7 3047
022 111 81 6 6 2808
022 111 95 7 7 2875
022 30 21 7 7 3738
022 101 57 7 7 1989
022 111 92 6 6 2195
022 111 83 7 6 2937
022 30 20 7 7 3288
022 111 104 6 6 3428
022 111 86 6 7 2563
022 111 67 6 7 2572
022 30 11 7 7 3468
022 111 66 7 6 2601
022 30 33 6 7 2225
022 111 77 7 7 3572
022 111 63 6 6 1793
022 111 76 7 7 3118
022 111 93 6 6 1740
022 111 106 7 7 1594
022 111 75 6 6 2049
022 111 72 7 7 1491
022 111 73 6 7 2104
022 111 96 7 7 4426
022 111 71 7 7 1287
022 101 40 6 7 2119
022 30 22 7 7 3143
022 111 62 6 6 2084
022 111 78 7 7 2208
022 101 53 7 6 2733
022 30 10 7 7 2718
022 30 12 7 7 5238
022 30 5 6 6 2948
022 101 46 6 6 2202
022 111 100 7 7 2726
022 111 68 6 6 2961
022 101 49 7 7 2740
022 101 58 7 7 2107
022 30 29 6 6 3839
022 30 30 6 6 5450
022 101 37 6 6 1958
022 101 38 6 7 2010
022 30 9 6 6 3124
022 30 2 6 7 1768
022 30 31 6 6 4759
022 30 35 6 7 3724
022 30 7 6 6 3250
022 101 55 7 7 2602
022 30 8 6 6 3815
022 30 17 7 6 2790
022 30 26 7 7 7379
022 30 16 7 6 5141
022 111 79 6 6 3990
022 30 25 7 7 2353
022 101 45 6 6 2050
022 111 88 7 7 3176
022 111 108 7 7 1859
022 111 99 6 6 4062
022 30 14 7 7 1896
022 111 94 7 6 3332
022 111 80 6 6 2264
022 101 41 6 6 1628
022 30 24 7 7 2116
022 30 27 7 7 2798
022 101 60 7 7 2442
022 101 43 6 6 2723
022 111 97 6 7 3887
022 30 36 6 7 3312
022 30 28 6 6 3672
022 30 15 7 6 2101
022 111 89 7 6 2550
022 101 39 6 6 2592
023 1 1 6 6 2941
023 1 1 7 7 2241
023 1 1 7 7 2836
023 30 1 6 6 6221
023 30 2 6 6 2564
023 30 3 6 6 2506
023 30 4 6 6 3752
023 30 5 6 6 2233
023 30 6 6 6 5270
023 30 7 6 6 2724
023 30 8 6 6 4397
023 30 9 6 7 6650
023 30 10 7 7 3369
023 30 11 7 7 3419
023 30 12 7 7 3095
023 30 13 7 7 2164
023 30 14 7 7 1821
023 30 15 7 7 4249
023 30 16 7 7 2814
023 30 17 7 7 3132
023 30 18 7 7 3987
023 30 19 7 7 3699
023 30 20 7 7 2444
023 30 21 7 7 4384
023 30 22 7 7 6018
023 30 23 7 7 1795
023 30 24 7 7 4001
023 30 25 7 7 2766
023 30 26 7 7 4159
023 30 27 7 7 3510
023 30 28 6 6 4172
023 30 29 6 6 3440
023 30 30 6 6 2894
023 30 31 6 6 3711
023 30 32 6 6 2381
023 30 33 6 6 3245
023 30 34 6 6 2637
023 30 35 6 6 3524
023 30 36 6 6 3791
023 101 37 6 6 2053
023 101 38 6 7 4561
023 101 39 6 6 1569
023 101 40 6 6 1350
023 101 41 6 6 1853
023 101 42 6 6 1330
023 101 43 6 6 2814
023 101 44 6 6 2429
023 101 45 6 6 1472
023 101 46 6 6 3247
023 101 47 6 6 4889
023 101 48 6 6 1339
023 101 49 7 7 3626
023 101 50 7 7 2042
023 101 51 7 7 4481
023 101 52 7 7 2240
023 101 53 7 7 2486
023 101 54 7 7 2760
023 101 55 7 7 1865
023 101 56 7 7 2512
023 101 57 7 7 2279
023 101 58 7 7 1975
023 101 59 7 7 1473
023 101 60 7 7 2431
023 111 61 6 6 2027
023 111 62 6 6 1990
023 111 63 6 6 1678
023 111 64 7 7 1884
023 111 65 7 6 2784
023 111 66 7 7 2197
023 111 67 6 6 2440
023 111 68 6 6 2569
023 111 69 6 6 1707
023 111 70 7 7 1440
023 111 71 7 7 2157
023 111 72 7 7 1740
023 111 73 6 7 3458
023 111 74 6 6 5610
023 111 75 6 6 2295
023 111 76 7 7 2530
023 111 77 7 7 2904
023 111 78 7 6 5062
023 111 79 6 6 1772
023 111 80 6 6 2027
023 111 81 6 6 2395
023 111 82 7 7 2343
023 111 83 7 7 1754
023 111 84 7 7 2057
023 111 85 6 6 1632
023 111 86 6 6 1410
023 111 87 6 6 1367
023 111 88 7 7 3262
023 111 89 7 7 1823
023 111 90 7 7 1583
023 111 91 6 6 1990
023 111 92 6 6 2049
023 111 93 6 6 1625
023 111 94 7 7 4089
023 111 95 7 7 1828
023 111 96 7 7 3739
023 111 97 6 7 2266
023 111 98 6 6 2299
023 111 99 6 6 2130
023 111 100 7 7 2563
023 111 101 7 7 3396
023 111 102 7 7 3776
023 111 103 6 6 2625
023 111 104 6 6 1921
023 111 105 6 7 2209
023 111 106 7 7 1684
023 111 107 7 7 4118
023 111 108 7 7 1994
024 1 1 6 6 2787
024 1 1 7 7 1768
024 1 1 7 7 4178
024 30 1 6 6 5601
024 30 2 6 6 2335
024 30 3 6 6 2640
024 30 4 6 7 2569
024 30 5 6 6 3500
024 30 6 6 6 3157
024 30 7 6 6 2740
024 30 8 6 6 2531
024 30 9 6 6 3986
024 30 10 7 6 3558
024 30 11 7 7 3940
024 30 12 7 7 3047
024 30 13 7 7 1786
024 30 14 7 7 2237
024 30 15 7 7 2621
024 30 16 7 7 2258
024 30 17 7 7 2483
024 30 18 7 7 2422
024 30 19 7 7 2310
024 30 20 7 7 2516
024 30 21 7 7 6419
024 30 22 7 7 3102
024 30 23 7 7 3050
024 30 24 7 7 2294
024 30 25 7 7 1793
024 30 26 7 7 3421
024 30 27 7 7 2888
024 30 28 6 6 2325
024 30 29 6 6 3470
024 30 30 6 6 2455
024 30 31 6 6 4871
024 30 32 6 6 2154
024 30 33 6 6 2552
024 30 34 6 6 2801
024 30 35 6 7 3154
024 30 36 6 6 4725
024 101 37 6 6 2105
024 101 38 6 7 2238
024 101 39 6 6 1551
024 101 40 6 6 1536
024 101 41 6 6 2675
024 101 42 6 6 1706
024 101 43 6 6 3007
024 101 44 6 6 1975
024 101 45 6 6 1787
024 101 46 6 7 1891
024 101 47 6 6 4222
024 101 48 6 6 1884
024 101 49 7 7 2993
024 101 50 7 7 3256
024 101 51 7 7 3328
024 101 52 7 7 3773
024 101 53 7 7 2519
024 101 54 7 6 1951
024 101 55 7 7 1923
024 101 56 7 7 1986
024 101 57 7 7 2434
024 101 58 7 7 2267
024 101 59 7 7 1637
024 101 60 7 7 2268
024 111 61 6 6 2042
024 111 62 6 6 1495
024 111 63 6 6 2336
024 111 64 7 7 1458
024 111 65 7 6 3086
024 111 66 7 6 2183
024 111 67 6 7 1993
024 111 68 6 6 1627
024 111 69 6 6 1684
024 111 70 7 7 1621
024 111 71 7 7 1654
024 111 72 7 7 1786
024 111 73 6 6 2737
024 111 74 6 6 3019
024 111 75 6 6 1509
024 111 76 7 7 3594
024 111 77 7 7 2270
024 111 78 7 7 1671
024 111 79 6 6 2302
024 111 80 6 6 2065
024 111 81 6 6 1774
024 111 82 7 7 2340
024 111 83 7 7 1686
024 111 84 7 7 1904
024 111 85 6 6 1774
024 111 86 6 6 1973
024 111 87 6 6 1391
024 111 88 7 7 2074
024 111 89 7 7 2123
024 111 90 7 7 1427
024 111 91 6 6 2289
024 111 92 6 6 2148
024 111 93 6 6 1558
024 111 94 7 7 2481
024 111 95 7 7 2063
024 111 96 7 7 3858
024 111 97 6 7 4490
024 111 98 6 6 1819
024 111 99 6 6 1675
024 111 100 7 7 2236
024 111 101 7 7 1851
024 111 102 7 7 2616
024 111 103 6 6 2106
024 111 104 6 6 2503
024 111 105 6 7 2612
024 111 106 7 7 1744
024 111 107 7 7 1696
024 111 108 7 7 1734
025 1 1 6 6 1882
025 1 1 7 7 1518
025 1 1 7 7 3020
025 30 1 6 6 2728
025 30 2 6 6 1612
025 30 3 6 6 1621
025 30 4 6 6 1921
025 30 5 6 6 1797
025 30 6 6 7 3586
025 30 7 6 6 1866
025 30 8 6 6 2551
025 30 9 6 6 2331
025 30 10 7 7 2109
025 30 11 7 7 1926
025 30 12 7 7 2669
025 30 13 7 7 1474
025 30 14 7 7 1174
025 30 15 7 7 2252
025 30 16 7 7 1360
025 30 17 7 6 1876
025 30 18 7 7 1823
025 30 19 7 7 1810
025 30 20 7 7 1826
025 30 21 7 7 2310
025 30 22 7 7 3641
025 30 23 7 7 1853
025 30 24 7 7 1907
025 30 25 7 7 1382
025 30 26 7 7 3667
025 30 27 7 7 2006
025 30 28 6 6 1675
025 30 29 6 6 2176
025 30 30 6 6 2155
025 30 31 6 6 3173
025 30 32 6 6 2209
025 30 33 6 6 1487
025 30 34 6 6 1446
025 30 35 6 7 2544
025 30 36 6 7 3768
025 101 37 6 6 1573
025 101 38 6 7 2678
025 101 39 6 6 1769
025 101 40 6 6 1317
025 101 41 6 6 1455
025 101 42 6 6 1428
025 101 43 6 6 2569
025 101 44 6 6 1617
025 101 45 6 6 1395
025 101 46 6 6 2349
025 101 47 6 6 1950
025 101 48 6 6 1899
025 101 49 7 7 2136
025 101 50 7 7 2128
025 101 51 7 7 2106
025 101 52 7 7 1493
025 101 53 7 7 2140
025 101 54 7 7 1929
025 101 55 7 7 1299
025 101 56 7 7 1734
025 101 57 7 7 1822
025 101 58 7 6 1090
025 101 59 7 7 1268
025 101 60 7 6 1169
025 111 61 6 6 1600
025 111 62 6 6 1304
025 111 63 6 6 1386
025 111 64 7 7 1560
025 111 65 7 6 3132
025 111 66 7 7 1496
025 111 67 6 6 1865
025 111 68 6 6 1811
025 111 69 6 7 1364
025 111 70 7 7 1582
025 111 71 7 7 1114
025 111 72 7 7 1393
025 111 73 6 7 2546
025 111 74 6 6 2513
025 111 75 6 6 1483
025 111 76 7 7 2487
025 111 77 7 7 1494
025 111 78 7 6 2468
025 111 79 6 6 1669
025 111 80 6 6 1603
025 111 81 6 6 2905
025 111 82 7 7 1434
025 111 83 7 7 1939
025 111 84 7 7 1670
025 111 85 6 6 1326
025 111 86 6 6 1648
025 111 87 6 6 1554
025 111 88 7 7 1833
025 111 89 7 7 1184
025 111 90 7 7 1136
025 111 91 6 6 1791
025 111 92 6 6 2633
025 111 93 6 6 1200
025 111 94 7 7 2781
025 111 95 7 7 1642
025 111 96 7 7 1906
025 111 97 6 6 1494
025 111 98 6 6 1473
025 111 99 6 6 2298
025 111 100 7 7 2192
025 111 101 7 7 1931
025 111 102 7 7 1804
025 111 103 6 6 1476
025 111 104 6 6 1477
025 111 105 6 7 4401
025 111 106 7 7 1344
025 111 107 7 7 1415
025 111 108 7 7 1620
026 1 1 6 6 3024
026 1 1 7 7 1984
026 1 1 6 6 2813
026 1 1 7 7 1745
026 1 1 7 7 1976
026 111 99 6 6 2395
026 111 107 7 7 2020
026 30 30 6 6 4105
026 30 19 7 6 4272
026 30 34 6 6 2491
026 30 31 6 6 4655
026 111 93 6 6 1675
026 111 83 7 7 1722
026 111 65 7 6 3248
026 30 8 6 6 2844
026 101 44 6 6 2123
026 30 11 7 7 3630
026 101 41 6 6 3238
026 111 91 6 6 2118
026 30 15 7 6 2284
026 111 84 7 7 1843
026 101 56 7 7 4461
026 111 98 6 6 2608
026 30 18 7 7 3759
026 111 102 7 7 2115
026 101 58 7 7 1759
026 30 25 7 7 2674
026 101 43 6 6 2938
026 30 22 7 7 4124
026 30 26 7 6 3085
026 30 5 6 6 2552
026 30 21 7 7 3232
026 101 48 6 6 2606
026 101 42 6 6 1609
026 30 9 6 6 2989
026 111 88 7 7 2329
026 111 63 6 6 1790
026 101 60 7 6 1771
026 101 53 7 7 2662
026 111 104 6 6 2475
026 30 16 7 7 2660
026 111 68 6 6 1886
026 30 10 7 7 3299
026 111 94 7 7 4055
026 111 95 7 7 2189
026 111 73 6 7 2774
026 30 24 7 7 2623
026 101 50 7 7 3273
026 30 2 6 6 2010
026 111 92 6 6 2672
026 111 101 7 7 3527
026 30 36 6 6 6320
026 111 106 7 7 1775
026 111 85 6 6 1896
026 111 69 6 6 1709
026 111 77 7 7 1641
026 111 61 6 6 1541
026 111 64 7 7 1549
026 111 71 7 7 1375
026 111 66 7 7 2191
026 30 1 6 6 3357
026 101 57 7 7 2761
026 30 3 6 6 2158
026 111 86 6 6 2397
026 101 37 6 6 1888
026 101 46 6 6 1766
026 111 103 6 6 2129
026 111 80 6 6 2234
026 111 87 6 6 1881
026 30 17 7 6 4173
026 101 55 7 7 3478
026 111 105 6 6 2408
026 111 79 6 6 2187
026 101 51 7 7 2757
026 111 97 6 7 2000
026 30 13 7 7 2463
026 101 54 7 7 3151
026 101 49 7 7 3540
026 30 35 6 6 3025
026 30 23 7 7 1999
026 111 96 7 7 2997
026 111 76 7 7 2120
026 30 33 6 6 2992
026 111 75 6 6 1751
026 111 67 6 6 2442
026 111 72 7 7 2788
026 111 70 7 7 1273
026 101 39 6 6 1444
026 30 7 6 6 4327
026 111 74 6 6 5430
026 30 20 7 7 2067
026 101 40 6 6 2208
026 111 108 7 7 2066
026 101 38 6 7 2817
026 111 82 7 7 2009
026 30 32 6 6 1628
026 111 89 7 7 1958
026 30 28 6 6 2422
026 30 14 7 7 3440
026 111 78 7 7 2187
026 111 81 6 6 2311
026 30 12 7 7 2870
026 101 47 6 6 3900
026 111 100 7 7 2880
026 30 29 6 6 3005
026 30 6 6 7 7423
026 111 62 6 6 1607
026 30 4 6 6 2092
026 101 45 6 6 2323
026 101 52 7 7 2314
026 101 59 7 7 1652
026 30 27 7 7 3032
026 111 90 7 7 1363
027 1 1 6 6 5589
027 1 1 7 7 1929
027 1 1 7 7 2923
027 30 19 7 7 5544
027 101 59 7 7 2408
027 111 105 6 6 6389
027 111 92 6 6 2331
027 111 67 6 6 7417
027 30 17 7 7 4525
027 30 23 7 7 2484
027 111 71 7 7 1890
027 111 74 6 6 4778
027 30 4 6 7 2398
027 111 103 6 6 3125
027 30 18 7 7 2685
027 30 9 6 6 6712
027 30 30 6 6 6155
027 101 38 6 6 4659
027 30 5 6 6 2789
027 111 68 6 6 2428
027 101 52 7 7 2263
027 111 85 6 6 1689
027 111 75 6 6 3105
027 101 39 6 6 1720
027 111 106 7 7 1768
027 111 91 6 6 2385
027 30 32 6 6 2810
027 111 62 6 6 1650
027 111 77 7 7 2088
027 111 80 6 6 2122
027 101 37 6 6 2982
027 101 60 7 7 2330
027 101 54 7 7 5963
027 101 43 6 6 2900
027 111 94 7 6 4090
027 30 27 7 7 3087
027 111 63 6 6 3892
027 111 84 7 7 3637
027 111 90 7 7 1309
027 30 34 6 7 4667
027 111 107 7 7 2734
027 101 47 6 6 5225
027 111 69 6 6 2019
027 111 70 7 7 1917
027 30 35 6 6 4152
027 30 7 6 6 3292
027 111 83 7 7 2754
027 111 86 6 6 3147
027 111 89 7 7 5135
027 30 36 6 7 4226
027 111 95 7 7 2360
027 111 81 6 6 2330
027 101 53 7 7 3148
027 30 14 7 7 2302
027 101 46 6 6 3714
027 111 64 7 7 1842
027 111 102 7 7 3748
027 30 31 6 7 2874
027 30 11 7 7 8072
027 30 8 6 6 5838
027 111 99 6 6 2726
027 30 15 7 7 6081
027 111 79 6 6 4059
027 111 88 7 7 2346
027 101 50 7 7 5827
027 30 24 7 7 2991
027 111 61 6 6 1909
027 101 40 6 7 2364
027 111 93 6 6 1954
027 111 96 7 7 4233
027 30 21 7 7 6028
027 111 78 7 6 4866
027 101 48 6 6 3175
027 111 72 7 7 2115
027 30 3 6 6 2078
027 111 82 7 7 2587
027 30 29 6 6 7378
027 111 66 7 7 2312
027 111 97 6 7 2856
027 30 16 7 7 5112
027 111 73 6 7 2592
027 30 13 7 7 2165
027 101 44 6 6 2401
027 111 98 6 6 2574
027 111 100 7 7 2265
027 101 45 6 6 5186
027 111 101 7 7 2010
027 30 25 7 7 2363
027 111 104 6 6 2573
027 101 51 7 7 3663
027 101 41 6 6 2081
027 30 22 7 6 3874
027 111 87 6 6 1995
027 30 12 7 7 2755
027 30 10 7 7 2620
027 30 20 7 7 5733
027 30 28 6 6 2519
027 111 65 7 6 4650
027 101 56 7 7 3455
027 30 6 6 7 5260
027 101 58 7 7 1670
027 101 57 7 7 1451
027 111 108 7 7 2801
027 111 76 7 7 4301
027 30 2 6 6 2115
027 30 1 6 6 3357
027 101 42 6 6 2320
027 101 55 7 7 2017
027 30 33 6 7 7373
027 30 26 7 6 3117
027 101 49 7 7 2856
028 1 1 6 7 3672
028 1 1 7 6 2293
028 1 1 7 7 2187
028 30 27 7 7 2197
028 111 62 6 6 1705
028 101 57 7 7 1351
028 111 73 6 6 3716
028 30 9 6 6 2805
028 30 11 7 7 5179
028 101 40 6 6 1860
028 101 48 6 6 2596
028 111 85 6 6 1886
028 111 78 7 6 3869
028 111 95 7 7 1539
028 111 92 6 6 1862
028 30 16 7 7 2491
028 30 24 7 7 3252
028 30 35 6 6 2350
028 101 46 6 6 1916
028 30 13 7 7 3732
028 30 22 7 6 3928
028 111 67 6 6 6406
028 30 18 7 6 4137
028 111 74 6 6 1673
028 111 98 6 6 2294
028 111 100 7 7 1834
028 111 72 7 7 1660
028 111 71 7 7 1168
028 30 12 7 7 1805
028 101 43 6 6 1939
028 30 10 7 7 2299
028 101 49 7 6 4004
028 30 17 7 7 4684
028 30 3 6 6 3031
028 30 14 7 7 3153
028 101 54 7 7 1395
028 101 59 7 7 1810
028 111 104 6 6 1657
028 111 82 7 6 3091
028 101 55 7 7 1482
028 101 50 7 7 4388
028 30 26 7 7 2289
028 30 25 7 7 2639
028 111 81 6 6 3249
028 111 84 7 7 1602
028 30 19 7 6 2886
028 101 41 6 6 2593
028 30 7 6 6 1855
028 30 29 6 6 2654
028 111 99 6 6 1881
028 111 102 7 6 3339
028 30 2 6 6 1880
028 101 42 6 6 2458
028 111 70 7 7 1766
028 30 32 6 6 1423
028 30 4 6 6 12512
028 111 69 6 6 1552
028 30 34 6 6 2128
028 111 107 7 7 1687
028 111 83 7 7 1358
028 111 75 6 6 2628
028 101 37 6 6 1723
028 30 23 7 7 5254
028 30 31 6 6 5809
028 111 97 6 7 2675
028 111 79 6 6 1701
028 111 76 7 7 2519
028 30 1 6 6 2975
028 30 6 6 7 6385
028 101 45 6 6 1736
028 111 105 6 6 2720
028 111 91 6 6 1646
028 111 93 6 6 1203
028 111 61 6 6 1439
028 111 66 7 7 1474
028 111 65 7 6 3589
028 111 89 7 7 1536
028 111 94 7 6 3198
028 101 60 7 7 1999
028 111 106 7 7 1815
028 111 88 7 7 2227
028 30 30 6 6 2368
028 111 86 6 6 1631
028 111 68 6 6 2184
028 30 21 7 7 5658
028 111 90 7 7 1702
028 111 101 7 7 1812
028 111 77 7 7 1300
028 101 52 7 7 1560
028 111 108 7 7 1627
028 30 8 6 6 2035
028 111 63 6 6 2255
028 30 36 6 6 4605
028 101 47 6 6 2308
028 111 87 6 6 1396
028 111 80 6 6 1901
028 101 51 7 6 2283
028 111 96 7 7 1749
028 30 33 6 6 3519
028 101 56 7 7 1647
028 101 39 6 6 1591
028 101 38 6 7 3358
028 30 20 7 7 3045
028 101 58 7 7 2370
028 111 64 7 7 1722
028 101 53 7 7 3138
028 30 28 6 6 2482
028 111 103 6 6 2742
028 30 5 6 6 5245
028 30 15 7 6 4019
028 101 44 6 6 2494
029 1 1 6 6 5914
029 1 1 7 7 2752
029 1 1 7 7 10908
029 111 80 6 6 9057
029 101 57 7 7 2914
029 111 94 7 7 4687
029 30 4 6 6 14142
029 111 100 7 7 4433
029 101 49 7 6 6527
029 30 24 7 7 2872
029 111 63 6 6 2603
029 101 59 7 7 4887
029 111 82 7 7 4144
029 111 91 6 6 3090
029 111 84 7 7 2446
029 30 35 6 6 5388
029 111 92 6 6 3072
029 111 95 7 7 2655
029 101 50 7 7 6902
029 111 76 7 6 8215
029 30 26 7 6 5172
029 111 64 7 7 2348
029 30 9 6 7 5411
029 111 88 7 7 6778
029 111 74 6 6 7149
029 30 16 7 7 4188
029 30 36 6 6 7582
029 101 42 6 6 3474
029 111 68 6 7 13717
029 30 30 6 6 3709
029 101 60 7 7 4123
029 30 5 6 6 3562
029 111 108 7 7 3010
029 30 20 7 7 3687
029 101 38 6 7 2890
029 30 34 6 7 2964
029 111 67 6 7 4146
029 30 18 7 7 3281
029 111 61 6 6 2587
029 111 105 6 7 8513
029 111 97 6 6 6724
029 30 21 7 6 10723
029 30 6 6 6 5021
029 111 71 7 7 2378
029 30 23 7 7 4562
029 111 77 7 7 2449
029 111 72 7 7 2410
029 30 12 7 7 11269
029 30 13 7 7 3963
029 30 17 7 7 2712
029 30 7 6 6 4271
029 111 89 7 7 2900
029 30 25 7 7 4156
029 111 101 7 7 5740
029 30 2 6 6 7955
029 111 93 6 6 2713
029 101 41 6 6 3416
029 111 75 6 6 2969
029 101 37 6 6 3195
029 111 87 6 6 3217
029 101 51 7 7 3247
029 30 22 7 7 4450
029 30 8 6 6 4846
029 111 103 6 6 3598
029 111 99 6 6 2994
029 30 15 7 7 9867
029 30 19 7 7 4512
029 101 39 6 6 2674
029 111 79 6 6 4280
029 101 53 7 7 5099
029 111 69 6 6 2311
029 101 55 7 6 3583
029 111 98 6 6 2409
029 111 86 6 6 4435
029 111 85 6 6 2847
029 30 1 6 6 7297
029 111 73 6 6 5088
029 101 45 6 6 3068
029 30 32 6 6 3224
029 101 40 6 6 3769
029 111 83 7 7 7037
029 111 90 7 7 2224
029 101 46 6 6 3430
029 111 104 6 6 3645
029 30 31 6 6 4006
029 111 62 6 6 2743
029 111 106 7 7 2576
029 111 78 7 7 3666
029 30 11 7 6 6732
029 111 96 7 7 8123
029 111 102 7 7 3031
029 30 14 7 7 2593
029 111 70 7 7 2321
029 30 27 7 7 3960
029 101 48 6 6 2599
029 30 33 6 7 7092
029 111 81 6 6 1931
029 30 3 6 6 6094
029 101 56 7 6 5050
029 101 44 6 6 3071
029 30 29 6 6 3711
029 111 65 7 6 4185
029 101 52 7 7 5995
029 111 107 7 7 2697
029 111 66 7 7 3078
029 30 28 6 7 3416
029 101 43 6 6 3692
029 101 47 6 6 3311
029 101 58 7 7 3365
029 30 10 7 7 4288
029 101 54 7 6 2599
030 1 1 6 6 2325
030 1 1 7 7 1970
030 1 1 7 7 4265
030 111 70 7 7 2143
030 111 91 6 6 2073
030 30 28 6 7 4365
030 30 35 6 6 3380
030 30 26 7 6 4460
030 30 19 7 7 3103
030 30 17 7 7 2962
030 101 53 7 7 3341
030 101 60 7 7 3613
030 111 103 6 6 3063
030 111 92 6 6 3466
030 111 66 7 7 2870
030 101 51 7 7 3507
030 30 10 7 7 2623
030 30 31 6 7 4783
030 111 86 6 6 2144
030 30 23 7 7 3631
030 101 41 6 6 1882
030 111 74 6 6 2586
030 111 94 7 7 6401
030 111 108 7 7 1950
030 111 62 6 6 1970
030 111 75 6 6 2233
030 101 40 6 6 1572
030 111 76 7 7 2189
030 30 8 6 6 2733
030 30 11 7 7 4976
030 111 80 6 6 2604
030 101 49 7 7 2660
030 101 57 7 7 2055
030 30 3 6 6 2766
030 101 52 7 7 1806
030 111 65 7 6 4342
030 111 87 6 6 1780
030 111 73 6 6 6864
030 30 33 6 6 4679
030 111 88 7 7 2332
030 101 54 7 7 2088
030 111 69 6 6 2856
030 111 107 7 7 2163
030 111 78 7 7 3031
030 101 50 7 7 4750
030 30 18 7 7 2462
030 111 98 6 6 2461
030 111 71 7 7 1325
030 30 1 6 6 3405
030 101 59 7 7 3174
030 111 100 7 7 3146
030 111 77 7 7 2437
030 30 15 7 6 3501
030 111 105 6 6 3142
030 101 38 6 7 2826
030 30 34 6 6 2497
030 111 97 6 7 2542
030 111 68 6 6 2709
030 101 45 6 6 2354
030 101 58 7 7 2174
030 101 42 6 6 2903
030 111 81 6 6 2614
030 111 89 7 7 1647
030 111 95 7 7 3144
030 101 47 6 6 3624
030 30 12 7 7 2763
030 30 4 6 6 2153
030 30 14 7 7 1942
030 111 99 6 6 2281
030 111 96 7 7 4054
030 101 39 6 6 2628
030 101 55 7 7 5457
030 30 24 7 7 5846
030 30 2 6 6 1918
030 30 6 6 6 4831
030 30 21 7 7 3480
030 111 83 7 7 2051
030 30 16 7 6 3522
030 101 48 6 6 1982
030 30 9 6 6 3523
030 111 63 6 6 3435
030 30 13 7 7 2114
030 30 27 7 7 3957
030 111 101 7 7 2799
030 111 84 7 7 2225
030 30 7 6 6 2739
030 30 5 6 6 3953
030 30 25 7 7 3410
030 30 36 6 6 6383
030 111 67 6 6 2339
030 101 44 6 6 2544
030 111 93 6 6 1850
030 111 85 6 6 2381
030 30 20 7 7 4276
030 111 72 7 7 1588
030 111 64 7 7 2621
030 111 61 6 6 1838
030 111 102 7 7 2751
030 30 32 6 6 4653
030 111 106 7 7 2602
030 30 22 7 6 3402
030 101 43 6 6 3196
030 30 30 6 6 2961
030 101 46 6 6 4656
030 111 79 6 6 2029
030 111 104 6 6 2094
030 101 37 6 6 2038
030 111 90 7 7 1555
030 101 56 7 7 1883
030 111 82 7 7 1962
030 30 29 6 6 4488
031 1 1 6 7 4905
031 1 1 7 7 10665
031 1 1 7 7 5458
031 111 74 6 7 9392
031 111 90 7 7 3059
031 111 98 6 6 5022
031 111 86 6 6 6350
031 30 25 7 7 4183
031 111 94 7 7 2078
031 30 18 7 7 4363
031 111 108 7 7 2095
031 101 51 7 6 11295
031 111 91 6 6 2160
031 30 14 7 7 10927
031 30 27 7 7 2520
031 111 89 7 7 1848
031 111 107 7 7 1856
031 30 12 7 7 10478
031 111 95 7 7 1771
031 111 87 6 6 2799
031 30 31 6 7 5820
031 30 33 6 6 5084
031 101 46 6 6 5738
031 30 24 7 7 2272
031 111 61 6 6 2641
031 111 62 6 6 5864
031 101 37 6 6 1920
031 111 67 6 6 1872
031 30 7 6 6 2422
031 111 71 7 7 1371
031 101 50 7 7 5256
031 111 84 7 7 4680
031 111 78 7 7 2162
031 101 44 6 6 1762
031 30 16 7 6 1684
031 111 83 7 6 2740
031 111 106 7 7 1921
031 30 28 6 6 4263
031 111 103 6 6 1732
031 111 70 7 7 2529
031 30 8 6 6 2579
031 30 36 6 6 7945
031 101 54 7 7 2699
031 111 81 6 6 2061
031 111 79 6 6 3286
031 111 77 7 7 4085
031 111 66 7 7 3116
031 30 2 6 6 5336
031 111 64 7 7 2141
031 111 80 6 6 2467
031 101 53 7 7 1524
031 111 97 6 7 2942
031 101 48 6 6 3530
031 101 47 6 6 12357
031 30 3 6 6 2185
031 30 10 7 7 3704
031 111 93 6 6 1586
031 30 11 7 6 13037
031 30 30 6 7 10868
031 101 40 6 6 1750
031 30 20 7 7 2027
031 101 43 6 6 3296
031 101 60 7 7 3526
031 30 34 6 6 7157
031 30 15 7 6 5236
031 101 39 6 6 3541
031 30 35 6 7 5044
031 111 82 7 7 6088
031 30 1 6 6 6812
031 30 32 6 7 7568
031 111 63 6 6 1721
031 101 57 7 7 2001
031 111 85 6 6 1577
031 30 5 6 6 1719
031 111 92 6 6 2021
031 30 13 7 7 7483
031 30 23 7 7 3069
031 101 58 7 7 10510
031 111 69 6 6 6413
031 30 29 6 6 11669
031 30 6 6 7 12719
031 111 100 7 7 3113
031 30 17 7 7 3474
031 111 104 6 6 3810
031 111 99 6 6 3062
031 111 68 6 6 2142
031 30 19 7 7 4002
031 30 21 7 7 9137
031 101 55 7 7 8317
031 111 65 7 6 3537
031 111 101 7 7 3760
031 101 38 6 7 9018
031 101 59 7 7 1627
031 111 96 7 7 4481
031 101 42 6 6 2261
031 101 45 6 6 2628
031 111 73 6 6 3181
031 101 49 7 7 3342
031 30 4 6 6 9458
031 111 102 7 7 3522
031 111 72 7 7 1201
031 111 76 7 7 5238
031 101 52 7 7 3534
031 111 88 7 7 3351
031 30 26 7 6 5633
031 30 9 6 6 8984
031 101 41 6 6 5789
031 111 105 6 6 17424
031 111 75 6 6 1956
031 101 56 7 7 2023
031 30 22 7 7 5635
032 1 1 6 6 9796
032 1 1 7 7 3588
032 1 1 7 7 3805
032 111 78 7 7 3799
032 111 85 6 6 2292
032 101 53 7 7 3896
032 111 70 7 7 2235
032 111 101 7 7 3353
032 30 34 6 6 6199
032 111 61 6 6 1790
032 111 74 6 6 2731
032 30 8 6 7 3769
032 111 106 7 7 2400
032 101 39 6 6 1771
032 101 49 7 7 2554
032 111 80 6 6 2863
032 101 43 6 6 4559
032 111 108 7 7 2057
032 111 87 6 6 1889
032 30 11 7 7 16793
032 101 42 6 6 2882
032 111 62 6 6 2395
032 30 5 6 6 3739
032 101 55 7 7 2686
032 111 79 6 6 3933
032 111 90 7 7 1452
032 101 56 7 7 3482
032 30 29 6 6 6316
032 101 48 6 7 3763
032 111 89 7 7 1669
032 30 2 6 6 2009
032 111 69 6 6 2300
032 101 52 7 7 3784
032 111 97 6 7 3181
032 30 24 7 7 2768
032 111 88 7 7 2836
032 111 95 7 7 2440
032 101 50 7 7 3643
032 30 20 7 7 2746
032 111 81 6 6 2178
032 101 59 7 7 2538
032 30 16 7 7 4767
032 30 17 7 7 5449
032 101 47 6 6 3317
032 30 33 6 6 3138
032 30 31 6 6 8457
032 30 4 6 6 2817
032 111 75 6 6 2082
032 111 94 7 7 3545
032 101 60 7 6 2163
032 111 84 7 7 2742
032 30 35 6 7 4762
032 111 98 6 6 2719
032 111 64 7 7 1772
032 30 18 7 7 4502
032 101 46 6 6 3959
032 111 82 7 7 2268
032 30 30 6 6 3008
032 30 36 6 6 7966
032 111 76 7 7 4125
032 111 86 6 6 3528
032 111 93 6 6 2150
032 30 25 7 7 2237
032 101 38 6 7 7902
032 30 13 7 7 2218
032 101 45 6 6 1940
032 30 6 6 7 5804
032 101 58 7 7 2813
032 101 54 7 6 1435
032 111 83 7 7 3418
032 111 91 6 6 2387
032 30 14 7 7 2229
032 30 26 7 7 3352
032 30 3 6 6 2280
032 30 23 7 7 2670
032 111 92 6 6 3768
032 101 37 6 6 1794
032 101 40 6 6 1670
032 30 28 6 6 2554
032 30 10 7 7 2893
032 30 1 6 6 3283
032 30 19 7 6 7254
032 111 63 6 6 1655
032 111 104 6 6 2651
032 111 68 6 6 3524
032 30 12 7 7 3112
032 101 51 7 7 3556
032 111 99 6 6 1624
032 30 27 7 7 2484
032 111 102 7 7 2357
032 111 77 7 7 2790
032 101 41 6 6 2232
032 111 105 6 6 4338
032 30 21 7 7 5518
032 111 67 6 6 4512
032 30 7 6 6 3473
032 111 66 7 7 2530
032 101 44 6 6 2927
032 30 22 7 6 3468
032 111 65 7 6 6437
032 111 73 6 6 5084
032 111 72 7 7 2716
032 111 103 6 6 2301
032 111 107 7 7 1847
032 30 15 7 7 6460
032 111 71 7 7 2204
032 111 96 7 7 6537
032 30 9 6 6 5102
032 111 100 7 7 2789
032 101 57 7 7 2456
034 1 1 6 6 5815
034 1 1 7 7 3188
034 1 1 7 7 4482
034 30 36 6 6 7703
034 30 10 7 7 3854
034 101 54 7 6 2207
034 111 76 7 7 4977
034 30 23 7 7 5013
034 111 70 7 7 2921
034 111 79 6 6 2887
034 30 33 6 6 7261
034 30 35 6 7 8592
034 101 57 7 7 2841
034 111 97 6 7 5526
034 111 107 7 7 2302
034 101 48 6 6 1753
034 30 15 7 7 4827
034 101 51 7 7 3417
034 30 3 6 6 4813
034 101 43 6 6 2677
034 111 78 7 7 2639
034 30 2 6 6 3827
034 111 68 6 6 4027
034 111 77 7 7 2449
034 101 49 7 7 1937
034 30 25 7 7 3237
034 111 92 6 6 3152
034 30 5 6 6 4813
034 101 42 6 6 1774
034 30 14 7 7 2004
034 30 9 6 7 6318
034 111 98 6 6 2468
034 101 38 6 7 7443
034 30 4 6 6 3589
034 111 90 7 7 1436
034 101 52 7 7 2451
034 30 32 6 6 3073
034 111 67 6 6 2845
034 111 87 6 6 1916
034 111 62 6 6 2265
034 111 80 6 6 2776
034 111 105 6 7 5746
034 111 74 6 6 6561
034 30 27 7 7 3933
034 101 56 7 7 1982
034 111 66 7 7 2368
034 111 94 7 7 2689
034 111 81 6 6 2279
034 111 71 7 7 1835
034 111 83 7 7 2839
034 101 46 6 6 1679
034 101 45 6 6 2229
034 111 82 7 7 1965
034 101 60 7 7 2529
034 111 61 6 6 1868
034 111 95 7 7 2224
034 30 17 7 7 10085
034 101 59 7 7 1610
034 111 91 6 6 2877
034 30 7 6 6 3084
034 101 50 7 7 6459
034 111 63 6 6 2145
034 30 34 6 6 2012
034 30 31 6 6 6334
034 30 21 7 7 3278
034 30 12 7 7 2697
034 111 65 7 7 3800
034 111 85 6 6 1621
034 111 93 6 6 2105
034 111 73 6 6 3123
034 111 72 7 7 1767
034 101 53 7 7 3401
034 111 69 6 6 2851
034 101 44 6 6 2509
034 111 89 7 7 1769
034 101 55 7 7 1882
034 111 75 6 6 2331
034 111 104 6 6 2847
034 111 102 7 7 3814
034 101 47 6 6 2828
034 111 96 7 7 4103
034 30 28 6 6 2599
034 111 103 6 6 2390
034 111 84 7 7 2141
034 111 88 7 7 2703
034 101 41 6 6 2686
034 111 86 6 6 1635
034 111 101 7 7 2302
034 30 11 7 7 3383
034 30 24 7 7 2413
034 30 20 7 7 2457
034 111 108 7 7 2267
034 111 99 6 6 7766
034 101 58 7 7 2147
034 101 39 6 6 1556
034 30 16 7 7 3360
034 111 64 7 7 1959
034 30 1 6 6 3535
034 111 100 7 7 2884
034 30 6 6 6 4671
034 30 18 7 7 3133
034 30 19 7 6 3661
034 30 26 7 7 8495
034 30 22 7 7 4214
034 30 29 6 6 4418
034 111 106 7 7 2070
034 101 40 6 6 1581
034 30 30 6 6 3012
035 1 1 6 6 2651
035 1 1 7 7 2790
035 1 1 7 6 4924
035 101 54 7 7 3982
035 111 95 7 7 2492
035 30 24 7 7 3019
035 101 53 7 6 2421
035 111 107 7 7 3101
035 30 17 7 7 3571
035 30 25 7 7 2146
035 111 108 7 7 2728
035 111 68 6 6 2369
035 111 83 7 7 2661
035 111 105 6 6 2538
035 111 66 7 7 3824
035 101 42 6 6 2244
035 111 76 7 7 4524
035 111 71 7 7 2276
035 111 84 7 7 3002
035 111 63 6 6 4168
035 30 27 7 7 3068
035 111 89 7 7 2052
035 30 22 7 7 2753
035 101 38 6 7 3164
035 111 94 7 7 3133
035 101 59 7 7 1840
035 101 57 7 7 1503
035 111 104 6 6 2456
035 111 86 6 6 2298
035 111 79 6 6 2604
035 30 6 6 7 2699
035 30 15 7 6 5275
035 30 2 6 6 1842
035 101 56 7 7 2319
035 111 75 6 6 2419
035 101 43 6 6 3273
035 30 34 6 6 1817
035 111 73 6 7 2135
035 101 60 7 7 3375
035 111 85 6 6 3221
035 101 41 6 6 1696
035 101 50 7 7 5850
035 101 49 7 7 2049
035 101 52 7 7 2295
035 30 9 6 6 4832
035 101 46 6 6 3235
035 30 36 6 6 2106
035 30 19 7 6 4123
035 30 3 6 6 4383
035 111 62 6 6 1669
035 30 18 7 7 2838
035 111 87 6 6 2247
035 30 13 7 7 1730
035 30 30 6 6 2621
035 111 65 7 6 3424
035 30 31 6 6 4233
035 111 78 7 7 3400
035 111 100 7 7 3084
035 111 88 7 7 3751
035 101 47 6 6 3944
035 111 91 6 6 2153
035 111 69 6 6 2542
035 111 82 7 7 2254
035 111 64 7 7 2729
035 111 80 6 6 2090
035 111 90 7 7 1432
035 101 37 6 6 2288
035 111 102 7 7 3057
035 111 98 6 6 5160
035 111 72 7 7 1749
035 30 12 7 7 3027
035 30 26 7 7 2371
035 30 7 6 6 2736
035 30 1 6 6 4440
035 30 35 6 7 3053
035 30 5 6 6 4261
035 30 14 7 7 1682
035 111 101 7 7 3462
035 111 99 6 7 1829
035 30 11 7 7 4130
035 101 44 6 6 2547
035 111 61 6 6 2055
035 30 29 6 6 2739
035 111 96 7 7 3723
035 30 21 7 7 3771
035 111 67 6 6 5134
035 101 39 6 6 1517
035 101 55 7 7 2045
035 111 70 7 7 1584
035 111 74 6 6 2280
035 30 10 7 7 3248
035 101 51 7 7 2790
035 111 93 6 6 1545
035 30 20 7 7 2458
035 30 23 7 7 2258
035 111 106 7 7 1663
035 111 92 6 6 2446
035 30 28 6 6 2488
035 30 4 6 6 3203
035 101 58 7 6 2360
035 30 8 6 6 4036
035 101 48 6 6 3176
035 30 33 6 6 3358
035 111 77 7 6 2500
035 30 32 6 6 1793
035 101 45 6 6 1874
035 111 103 6 6 1973
035 111 97 6 6 2954
035 111 81 6 6 2222
035 101 40 6 6 1526
035 30 16 7 7 2376
036 1 1 6 6 3815
036 1 1 7 7 1537
036 1 1 7 7 2410
036 30 15 7 7 3146
036 111 98 6 6 1876
036 111 92 6 6 1911
036 101 53 7 7 4384
036 30 24 7 7 2272
036 101 40 6 6 1867
036 111 104 6 6 2411
036 111 86 6 6 2854
036 101 37 6 6 3302
036 30 35 6 6 2519
036 111 74 6 6 2176
036 111 65 7 6 2511
036 30 12 7 7 3521
036 111 105 6 6 4147
036 30 21 7 6 5661
036 111 80 6 6 2076
036 101 56 7 7 1431
036 101 41 6 6 1373
036 30 13 7 7 1708
036 30 16 7 7 3094
036 111 66 7 7 1928
036 30 25 7 7 1713
036 111 82 7 7 3318
036 111 63 6 6 1660
036 101 49 7 7 2576
036 30 5 6 6 2279
036 101 44 6 6 2225
036 111 100 7 7 2764
036 30 28 6 6 1830
036 101 54 7 6 2235
036 111 106 7 7 1441
036 111 87 6 6 1773
036 111 102 7 7 2461
036 111 62 6 6 1772
036 101 42 6 6 1752
036 101 43 6 6 2531
036 101 58 7 7 3547
036 30 8 6 7 1857
036 101 59 7 7 1675
036 30 26 7 7 2225
036 111 99 6 6 1609
036 30 3 6 6 1881
036 30 32 6 6 2089
036 111 93 6 6 1532
036 111 85 6 6 1439
036 101 51 7 7 2899
036 101 39 6 6 1393
036 30 14 7 7 1460
036 111 71 7 7 1516
036 111 67 6 6 3807
036 30 29 6 6 2777
036 111 91 6 6 2123
036 30 36 6 6 3494
036 101 55 7 7 1400
036 111 101 7 7 1910
036 111 70 7 7 1334
036 111 75 6 6 1668
036 111 97 6 7 2138
036 111 94 7 7 1470
036 30 11 7 7 1991
036 30 23 7 7 2184
036 30 9 6 6 2445
036 101 45 6 6 1313
036 30 1 6 6 3130
036 111 69 6 6 1483
036 30 10 7 7 2405
036 101 57 7 7 1820
036 101 46 6 6 1834
036 111 108 7 7 1541
036 30 33 6 7 2940
036 30 4 6 7 1538
036 30 17 7 6 1719
036 111 90 7 7 1407
036 111 89 7 7 1442
036 30 30 6 6 2773
036 30 7 6 6 1986
036 111 79 6 7 2717
036 30 20 7 6 3375
036 111 73 6 7 2115
036 111 96 7 7 2904
036 30 31 6 6 2637
036 111 103 6 6 1497
036 101 60 7 6 1607
036 101 52 7 6 1732
036 111 88 7 7 1947
036 30 2 6 6 1170
036 111 83 7 6 1650
036 101 48 6 6 1580
036 30 27 7 7 2357
036 111 72 7 7 1080
036 30 34 6 6 1502
036 111 68 6 6 1795
036 101 38 6 7 1557
036 111 76 7 7 2127
036 111 61 6 6 1661
036 111 81 6 6 1967
036 30 18 7 7 2173
036 111 64 7 7 1493
036 111 107 7 7 1415
036 111 95 7 7 2407
036 30 22 7 6 2511
036 30 6 6 7 2846
036 111 84 7 7 1951
036 111 77 7 7 1342
036 111 78 7 7 2058
036 30 19 7 7 1937
036 101 50 7 7 3665
036 101 47 6 6 3539
037 1 1 6 6 2347
037 1 1 7 7 3019
037 1 1 7 7 2705
037 101 39 6 6 2557
037 111 72 7 7 2050
037 30 12 7 7 2921
037 30 9 6 6 7506
037 101 53 7 6 3321
037 111 93 6 6 1505
037 111 63 6 6 1511
037 30 21 7 7 5795
037 111 97 6 6 4247
037 30 27 7 7 2137
037 30 16 7 7 2231
037 111 74 6 6 2093
037 111 81 6 6 1844
037 111 89 7 7 1463
037 30 1 6 6 5252
037 111 80 6 6 2356
037 111 67 6 6 3061
037 111 92 6 6 8075
037 111 78 7 7 2505
037 30 29 6 6 4005
037 111 105 6 7 4930
037 111 100 7 7 2984
037 30 19 7 7 3681
037 30 4 6 7 6505
037 101 50 7 7 2355
037 30 20 7 7 2130
037 30 17 7 7 6896
037 30 35 6 6 2814
037 111 76 7 7 3622
037 111 86 6 6 2742
037 111 88 7 7 2197
037 30 25 7 7 1884
037 30 8 6 6 4816
037 101 44 6 7 8538
037 111 83 7 7 2309
037 101 45 6 6 2041
037 30 14 7 7 1572
037 30 2 6 6 1794
037 30 30 6 6 4892
037 30 23 7 7 5655
037 111 94 7 7 2919
037 111 64 7 7 1688
037 30 24 7 7 2186
037 111 103 6 6 3666
037 101 51 7 7 2978
037 30 33 6 6 2136
037 30 11 7 7 4528
037 111 68 6 6 2205
037 101 47 6 6 2014
037 111 70 7 7 1719
037 111 101 7 7 1975
037 101 38 6 6 3917
037 101 37 6 6 3949
037 111 75 6 6 1957
037 111 107 7 7 1769
037 30 3 6 6 3119
037 30 18 7 7 3341
037 101 58 7 7 2886
037 111 91 6 6 1764
037 111 84 7 7 2574
037 30 15 7 7 2252
037 30 28 6 6 3930
037 101 54 7 7 3131
037 30 31 6 6 5572
037 111 99 6 6 3701
037 111 65 7 6 2521
037 30 36 6 6 2787
037 101 52 7 7 11256
037 111 69 6 6 2261
037 30 13 7 7 2016
037 111 108 7 7 1666
037 101 41 6 6 3547
037 30 22 7 7 6777
037 30 34 6 7 10392
037 111 82 7 6 2287
037 101 48 6 6 2894
037 30 26 7 6 11302
037 30 5 6 6 3090
037 111 62 6 6 1982
037 101 40 6 6 2397
037 111 102 7 7 3354
037 101 56 7 7 2783
037 101 60 7 7 3296
037 101 55 7 7 2852
037 101 59 7 7 4720
037 111 73 6 6 1844
037 111 85 6 6 1952
037 111 87 6 6 1882
037 111 106 7 7 1944
037 111 66 7 7 2050
037 101 57 7 7 1695
037 101 46 6 6 2152
037 111 90 7 7 1625
037 111 104 6 6 7382
037 101 49 7 7 3278
037 111 77 7 6 4300
037 111 61 6 6 1445
037 111 95 7 7 2075
037 30 32 6 6 1933
037 30 7 6 6 3714
037 101 43 6 6 4168
037 111 79 6 6 2715
037 111 96 7 7 4928
037 30 6 6 6 6048
037 101 42 6 6 2692
037 111 71 7 7 1438
037 111 98 6 6 1511
037 30 10 7 7 2779
038 1 1 6 6 2869
038 1 1 7 7 1909
038 1 1 7 7 2442
038 40 58 7 7 2312
038 101 75 7 7 1566
038 101 80 7 6 2555
038 40 51 7 7 2741
038 30 25 7 7 2051
038 30 20 7 7 2534
038 101 79 7 7 1858
038 30 33 6 6 4029
038 30 35 6 6 2730
038 30 3 6 6 1963
038 30 16 7 6 2560
038 30 18 7 7 2584
038 40 55 7 7 1812
038 40 46 6 6 2199
038 40 44 6 6 1816
038 40 43 6 6 1955
038 101 62 6 6 1731
038 30 32 6 6 3857
038 40 45 6 6 3232
038 30 19 7 6 2724
038 101 73 7 7 1999
038 40 54 7 7 1744
038 40 47 6 6 2736
038 40 56 7 7 2742
038 30 27 7 7 2365
038 30 7 6 6 3620
038 101 71 7 7 1756
038 30 34 6 7 3771
038 30 1 6 6 2706
038 101 66 6 6 1865
038 30 23 7 7 3779
038 101 68 6 6 1530
038 101 67 6 6 1723
038 40 42 6 6 1321
038 30 29 6 6 6810
038 101 74 7 7 1746
038 40 48 6 6 2269
038 101 63 6 6 1933
038 30 15 7 7 1977
038 30 24 7 7 4276
038 101 70 6 7 2004
038 30 14 7 7 1466
038 30 9 6 7 3641
038 30 5 6 6 2733
038 30 21 7 7 4933
038 40 49 7 6 5933
038 30 12 7 7 2242
038 40 38 6 7 1885
038 101 65 6 6 1392
038 101 61 6 6 1851
038 30 31 6 6 2087
038 30 28 6 6 2197
038 40 57 7 7 1689
038 30 11 7 7 1826
038 30 22 7 6 6237
038 101 64 6 6 3752
038 101 72 7 7 1628
038 40 53 7 7 3134
038 30 17 7 7 1831
038 40 40 6 6 1694
038 30 4 6 7 5048
038 30 10 7 7 2684
038 30 26 7 7 4789
038 30 13 7 7 1933
038 40 50 7 7 2629
038 101 78 7 7 1668
038 40 37 6 6 1646
038 40 39 6 6 1320
038 101 76 7 7 1700
038 101 77 7 7 1753
038 30 8 6 6 2199
038 40 60 7 7 1994
038 40 59 7 7 1463
038 30 30 6 6 2181
038 30 36 6 6 2443
038 40 41 6 6 1696
038 30 6 6 7 3900
038 40 52 7 7 1495
038 30 2 6 6 1355
038 101 69 6 6 2065
039 1 1 6 6 2311
039 1 1 7 7 1612
039 1 1 7 7 4670
039 101 57 7 7 1702
039 111 64 7 7 2278
039 111 71 7 7 1936
039 30 7 6 6 2064
039 111 88 7 7 4592
039 30 14 7 7 1768
039 111 94 7 7 3109
039 111 82 7 7 2431
039 111 104 6 6 3273
039 30 16 7 7 2437
039 30 32 6 6 1824
039 111 83 7 7 1978
039 30 17 7 7 3192
039 111 87 6 6 1446
039 101 53 7 6 5108
039 30 15 7 6 4229
039 111 77 7 7 1929
039 30 12 7 7 1947
039 30 24 7 7 2831
039 30 25 7 7 2610
039 111 72 7 7 2056
039 111 106 7 7 1519
039 111 62 6 6 1347
039 111 102 7 7 2744
039 30 5 6 6 3405
039 111 100 7 7 2577
039 111 70 7 7 1425
039 101 49 7 7 3629
039 101 54 7 6 2169
039 101 47 6 6 5452
039 111 89 7 7 1485
039 30 13 7 7 1864
039 111 66 7 7 1566
039 111 61 6 7 5607
039 111 76 7 6 3613
039 101 38 6 6 3828
039 30 18 7 7 3043
039 30 11 7 7 6365
039 30 29 6 7 3061
039 111 91 6 6 2262
039 111 99 6 6 1809
039 111 101 7 7 1709
039 30 10 7 7 4661
039 30 30 6 6 2106
039 101 44 6 6 4443
039 101 39 6 6 1444
039 30 31 6 7 3756
039 111 96 7 7 4159
039 30 26 7 7 2372
039 101 46 6 6 1663
039 111 105 6 6 2313
039 30 8 6 6 5465
039 111 98 6 6 2363
039 111 79 6 6 1923
039 30 6 6 7 2449
039 101 55 7 7 1688
039 111 107 7 7 1776
039 111 68 6 6 1679
039 111 103 6 6 2859
039 30 1 6 6 2296
039 111 90 7 7 1119
039 30 28 6 6 2303
039 30 3 6 6 3513
039 111 84 7 7 1716
039 111 63 6 6 1454
039 101 43 6 6 1741
039 101 50 7 7 2611
039 111 92 6 6 1367
039 101 60 7 6 1478
039 30 20 7 7 1974
039 111 80 6 6 2131
039 111 73 6 7 2883
039 101 45 6 6 1330
039 111 95 7 6 3075
039 101 41 6 6 1619
039 30 36 6 6 5245
039 30 22 7 6 4170
039 111 108 7 7 1480
039 30 34 6 6 2002
039 30 19 7 7 4209
039 101 37 6 6 1595
039 30 4 6 6 3545
039 101 40 6 6 1370
039 111 97 6 7 3010
039 111 74 6 6 6750
039 30 9 6 7 4598
039 30 35 6 7 4280
039 111 93 6 6 1532
039 111 81 6 6 1496
039 30 2 6 6 1321
039 111 86 6 6 1674
039 30 27 7 7 2192
039 30 21 7 6 4119
039 111 65 7 6 2821
039 101 42 6 6 2397
039 101 59 7 7 1234
039 111 67 6 7 5047
039 101 52 7 6 1594
039 30 33 6 6 1584
039 101 51 7 7 2626
039 101 56 7 7 2328
039 111 78 7 7 1857
039 101 48 6 6 1492
039 111 85 6 6 1648
039 30 23 7 7 2792
039 111 69 6 6 2075
039 101 58 7 7 2373
040 1 1 6 6 2562
040 1 1 7 7 2017
040 1 1 7 7 3131
040 111 98 6 6 2635
040 111 88 7 7 3701
040 30 21 7 7 5319
040 111 103 6 6 2933
040 30 15 7 7 3084
040 101 51 7 7 2365
040 111 89 7 7 2339
040 111 85 6 6 1858
040 111 73 6 7 2635
040 30 36 6 6 3682
040 30 28 6 6 2975
040 111 68 6 6 2378
040 111 102 7 7 2872
040 101 41 6 6 2977
040 111 93 6 6 1599
040 111 83 7 7 2577
040 30 34 6 7 3896
040 30 5 6 6 2605
040 30 16 7 7 2345
040 111 80 6 6 3188
040 111 87 6 6 2032
040 101 44 6 6 2354
040 101 49 7 6 2909
040 111 90 7 7 1302
040 30 3 6 6 2474
040 30 11 7 7 3362
040 111 95 7 7 2104
040 30 17 7 7 2751
040 30 31 6 6 3110
040 30 23 7 7 2411
040 111 92 6 6 2707
040 111 100 7 6 5588
040 111 65 7 6 3724
040 111 81 6 6 2501
040 111 82 7 6 3031
040 30 8 6 6 4699
040 101 37 6 6 2525
040 30 2 6 6 2679
040 111 79 6 6 3414
040 30 26 7 7 3351
040 101 52 7 7 2607
040 30 24 7 7 5321
040 30 29 6 6 3570
040 111 70 7 7 1656
040 30 33 6 6 6449
040 101 56 7 7 1828
040 111 107 7 7 2537
040 111 72 7 7 2175
040 30 20 7 7 2921
040 30 14 7 7 1795
040 30 25 7 7 2323
040 30 13 7 6 4189
040 111 77 7 7 1646
040 111 66 7 7 2503
040 101 59 7 7 2569
040 111 84 7 7 2145
040 111 75 6 6 2148
040 30 9 6 6 4553
040 101 60 7 6 1947
040 101 53 7 7 4093
040 111 96 7 7 3557
040 101 58 7 6 350
040 101 54 7 7 2224
040 30 6 6 7 5193
040 101 38 6 7 3437
040 30 4 6 6 2627
040 111 64 7 6 2531
040 101 45 6 6 3086
040 101 48 6 6 2822
040 111 97 6 7 2170
040 30 19 7 7 2341
040 30 32 6 6 2819
040 101 47 6 6 4486
040 111 74 6 7 3927
040 111 63 6 7 6979
040 101 39 6 6 2028
040 111 67 6 6 4810
040 111 104 6 6 3312
040 101 42 6 6 2268
040 111 86 6 6 2159
040 30 10 7 7 2564
040 111 106 7 7 2084
040 111 99 6 7 4354
040 30 7 6 7 5612
040 111 105 6 6 3655
040 111 91 6 6 6264
040 30 27 7 7 2833
040 30 1 6 6 2531
040 101 43 6 6 3271
040 101 40 6 6 2126
040 111 61 6 6 2217
040 30 30 6 6 5446
040 101 50 7 7 2333
040 111 71 7 7 1282
040 30 18 7 7 3118
040 101 57 7 7 2600
040 111 108 7 7 2267
040 111 101 7 7 3635
040 30 22 7 7 4447
040 30 35 6 6 2720
040 111 94 7 7 2412
040 30 12 7 7 4659
040 111 76 7 6 5338
040 111 62 6 6 1919
040 101 55 7 7 2039
040 111 78 7 7 2238
040 101 46 6 6 2669
040 111 69 6 6 2340
041 1 1 6 6 3055
041 1 1 7 7 2307
041 1 1 7 7 2109
041 30 1 6 6 6872
041 30 2 6 6 2475
041 30 3 6 6 2338
041 30 4 6 6 1759
041 30 5 6 6 3619
041 30 6 6 6 4170
041 30 7 6 6 3382
041 30 8 6 7 2268
041 30 9 6 6 872
041 30 10 7 6 3765
041 30 11 7 6 4280
041 30 12 7 7 2320
041 30 13 7 7 2151
041 30 14 7 7 2051
041 30 15 7 6 2801
041 30 16 7 7 2330
041 30 17 7 7 2028
041 30 18 7 6 3329
041 30 19 7 7 3642
041 30 20 7 7 2105
041 30 21 7 6 2672
041 30 22 7 7 4930
041 30 23 7 7 2280
041 30 24 7 7 2566
041 30 25 7 7 1534
041 30 26 7 7 3011
041 30 27 7 7 2799
041 30 28 6 6 2715
041 30 29 6 6 2159
041 30 30 6 6 2039
041 30 31 6 6 1846
041 30 32 6 6 5270
041 30 33 6 6 2747
041 30 34 6 7 2824
041 30 35 6 7 3152
041 30 36 6 6 2081
041 101 37 6 6 2181
041 101 38 6 7 4964
041 101 39 6 6 1614
041 101 40 6 6 2878
041 101 41 6 6 1508
041 101 42 6 6 1740
041 101 43 6 6 4896
041 101 44 6 7 3198
041 101 45 6 6 1822
041 101 46 6 6 1526
041 101 47 6 6 3088
041 101 48 6 6 5149
041 101 49 7 6 565
041 101 50 7 7 5339
041 101 51 7 6 2130
041 101 52 7 6 3610
041 101 53 7 7 2550
041 101 54 7 7 2144
041 101 55 7 6 2168
041 101 56 7 7 1768
041 101 57 7 7 1398
041 101 58 7 7 2587
041 101 59 7 7 2413
041 101 60 7 6 3734
041 111 61 6 7 2234
041 111 62 6 6 1279
041 111 63 6 6 1276
041 111 64 7 7 1648
041 111 65 7 7 3931
041 111 66 7 7 1718
041 111 67 6 7 2596
041 111 68 6 6 4221
041 111 69 6 7 2488
041 111 70 7 7 2041
041 111 71 7 6 1688
041 111 72 7 7 1340
041 111 73 6 6 4517
041 111 74 6 7 2747
041 111 75 6 6 1737
041 111 76 7 7 1319
041 111 77 7 7 1487
041 111 78 7 7 2651
041 111 79 6 6 1483
041 111 80 6 6 1611
041 111 81 6 6 2060
041 111 82 7 6 1702
041 111 83 7 7 2055
041 111 84 7 7 2717
041 111 85 6 6 1455
041 111 86 6 6 3556
041 111 87 6 6 2496
041 111 88 7 7 3375
041 111 89 7 7 1268
041 111 90 7 7 1354
041 111 91 6 6 1817
041 111 92 6 6 2031
041 111 93 6 6 1574
041 111 94 7 7 6148
041 111 95 7 7 2361
041 111 96 7 7 1201
041 111 97 6 6 1302
041 111 98 6 7 2260
041 111 99 6 6 1782
041 111 100 7 7 2172
041 111 101 7 7 1540
041 111 102 7 7 2084
041 111 103 6 6 2279
041 111 104 6 6 2804
041 111 105 6 6 2853
041 111 106 7 6 3010
041 111 107 7 7 2197
041 111 108 7 7 1637
042 1 1 6 6 2551
042 1 1 7 7 2232
042 1 1 7 7 2814
042 30 1 6 6 3329
042 30 2 6 7 2090
042 30 3 6 6 2231
042 30 4 6 6 2331
042 30 5 6 6 1994
042 30 6 6 7 3666
042 30 7 6 6 2039
042 30 8 6 6 2273
042 30 9 6 6 2607
042 30 10 7 7 2404
042 30 11 7 7 4051
042 30 12 7 7 2098
042 30 13 7 7 1732
042 30 14 7 7 1528
042 30 15 7 6 2285
042 30 16 7 7 1811
042 30 17 7 7 3611
042 30 18 7 7 2916
042 30 19 7 7 3361
042 30 20 7 7 2221
042 30 21 7 7 4988
042 30 22 7 6 3221
042 30 23 7 7 2800
042 30 24 7 7 2031
042 30 25 7 7 2568
042 30 26 7 6 3631
042 30 27 7 7 2485
042 30 28 6 6 1936
042 30 29 6 6 2913
042 30 30 6 6 2132
042 30 31 6 6 3008
042 30 32 6 6 1831
042 30 33 6 6 2735
042 30 34 6 6 2495
042 30 35 6 7 4445
042 30 36 6 6 4866
042 101 37 6 6 1920
042 101 38 6 7 3258
042 101 39 6 6 1679
042 101 40 6 6 1510
042 101 41 6 6 1837
042 101 42 6 6 1650
042 101 43 6 6 2176
042 101 44 6 6 1920
042 101 45 6 6 1402
042 101 46 6 6 4661
042 101 47 6 6 2049
042 101 48 6 6 2647
042 101 49 7 7 1884
042 101 50 7 7 2201
042 101 51 7 7 3316
042 101 52 7 7 1998
042 101 53 7 7 2673
042 101 54 7 7 4387
042 101 55 7 7 2043
042 101 56 7 7 1833
042 101 57 7 7 1647
042 101 58 7 7 2043
042 101 59 7 7 1536
042 101 60 7 7 2162
042 111 61 6 6 1683
042 111 62 6 6 1588
042 111 63 6 6 1370
042 111 64 7 7 2866
042 111 65 7 6 2867
042 111 66 7 7 1636
042 111 67 6 6 3367
042 111 68 6 6 1818
042 111 69 6 6 2658
042 111 70 7 7 1351
042 111 71 7 6 2574
042 111 72 7 7 2605
042 111 73 6 7 3131
042 111 74 6 6 1816
042 111 75 6 6 1570
042 111 76 7 7 3393
042 111 77 7 7 1514
042 111 78 7 7 2015
042 111 79 6 6 1499
042 111 80 6 6 1919
042 111 81 6 6 1533
042 111 82 7 7 1625
042 111 83 7 6 1729
042 111 84 7 7 3614
042 111 85 6 6 1342
042 111 86 6 6 2286
042 111 87 6 6 1422
042 111 88 7 7 2272
042 111 89 7 7 1479
042 111 90 7 7 1623
042 111 91 6 6 1843
042 111 92 6 6 1948
042 111 93 6 6 2127
042 111 94 7 7 4031
042 111 95 7 7 2066
042 111 96 7 7 2499
042 111 97 6 7 2479
042 111 98 6 6 2407
042 111 99 6 6 2001
042 111 100 7 7 2966
042 111 101 7 7 1950
042 111 102 7 7 2263
042 111 103 6 6 1585
042 111 104 6 6 2283
042 111 105 6 6 4143
042 111 106 7 7 1690
042 111 107 7 7 1847
042 111 108 7 7 1819
