001 1 1 6 7 3752
001 1 1 7 7 2899
001 102 101 6 6 2430
001 101 71 7 7 2833
001 100 20 7 7 3730
001 101 69 7 7 4522
001 100 10 6 6 5808
001 100 16 7 6 5760
001 100 6 6 6 2362
001 101 70 7 7 2518
001 100 7 6 6 2747
001 101 60 6 6 3139
001 100 4 6 6 3542
001 101 52 6 7 3400
001 101 56 6 6 2541
001 100 1 6 7 2475
001 100 22 7 7 3472
001 100 19 7 7 2205
001 101 51 6 6 2927
001 102 105 7 7 1838
001 100 3 6 6 3651
001 100 2 6 6 2473
001 102 100 6 7 3064
001 101 58 6 6 10255
001 101 54 6 7 2837
001 101 66 7 7 1424
001 100 13 7 7 2515
001 102 103 7 7 2397
001 102 98 6 7 3672
001 101 53 6 7 4975
001 101 57 6 6 2948
001 101 59 6 6 3642
001 101 50 6 6 1861
001 100 17 7 7 2364
001 100 9 6 6 3716
001 102 97 6 6 4116
001 101 64 7 7 2554
001 101 62 7 7 1605
001 102 108 7 7 3052
001 102 104 7 7 7827
001 102 107 7 7 4814
001 100 12 6 6 2184
001 100 11 6 6 5014
001 102 106 7 7 3636
001 102 99 6 6 2038
001 102 102 6 6 1709
001 101 68 7 7 2258
001 101 63 7 6 2996
001 100 18 7 7 3541
001 100 8 6 6 2169
001 100 5 6 6 3134
001 101 55 6 6 3027
001 100 21 7 7 2080
001 101 67 7 7 2289
001 101 65 7 7 7955
001 100 23 7 7 1779
001 101 61 7 7 2925
001 101 49 6 6 5000
001 100 15 7 7 4306
001 101 72 7 6 8957
001 100 14 7 7 2587
001 100 24 7 7 2821
002 1 1 6 6 2628
002 1 1 7 7 3063
002 100 20 7 7 3632
002 101 58 6 6 2507
002 101 72 7 7 3697
002 100 10 6 6 2650
002 102 108 7 7 2320
002 101 63 7 6 4179
002 100 8 6 6 2529
002 101 64 7 6 3580
002 100 21 7 7 2766
002 101 68 7 6 1712
002 100 11 6 7 3777
002 102 102 6 6 2277
002 101 70 7 7 5314
002 101 57 6 6 2680
002 100 6 6 6 2731
002 100 3 6 6 2449
002 100 18 7 7 3033
002 102 98 6 7 3647
002 101 65 7 7 2567
002 101 69 7 7 2540
002 102 104 7 7 4944
002 100 4 6 6 2658
002 102 106 7 7 3182
002 102 99 6 6 3141
002 101 60 6 6 2051
002 100 24 7 7 5783
002 101 55 6 6 2610
002 100 5 6 6 2246
002 100 15 7 7 2578
002 100 22 7 7 3058
002 100 1 6 7 2142
002 101 52 6 6 3271
002 101 50 6 6 2059
002 101 71 7 6 3797
002 101 62 7 7 2088
002 101 56 6 6 1886
002 100 12 6 6 2525
002 101 66 7 7 1580
002 100 19 7 7 2306
002 101 59 6 6 5721
002 102 97 6 6 1712
002 102 103 7 7 1915
002 101 67 7 7 2064
002 100 17 7 6 3424
002 101 49 6 6 2688
002 102 105 7 7 2041
002 100 16 7 7 2938
002 101 51 6 6 3099
002 100 14 7 7 2217
002 100 23 7 7 1771
002 102 100 6 6 1684
002 101 54 6 6 5051
002 102 107 7 7 3061
002 100 13 7 7 2988
002 101 61 7 7 2219
002 101 53 6 6 5556
002 102 101 6 6 1748
002 100 7 6 6 2848
002 100 9 6 6 3584
002 100 2 6 6 1560
003 1 1 6 6 3389
003 1 1 7 7 4657
003 100 22 7 7 3770
003 101 72 7 7 6877
003 101 60 6 6 5702
003 102 99 6 6 2269
003 100 18 7 7 3049
003 100 20 7 7 6217
003 101 62 7 7 3354
003 100 21 7 7 3560
003 100 17 7 7 4095
003 101 71 7 7 6217
003 100 14 7 7 3243
003 100 10 6 6 2690
003 102 105 7 7 2180
003 102 103 7 7 5834
003 100 4 6 6 7353
003 100 9 6 6 8465
003 101 64 7 7 3276
003 102 107 7 7 4568
003 100 11 6 6 3317
003 101 53 6 6 6733
003 100 12 6 6 2242
003 102 106 7 7 7986
003 101 52 6 7 5618
003 100 6 6 6 3012
003 101 51 6 6 12656
003 102 101 6 6 4817
003 101 57 6 6 3102
003 101 55 6 6 3325
003 101 59 6 6 3693
003 101 65 7 7 5512
003 100 8 6 6 3274
003 101 66 7 7 3919
003 101 67 7 7 5410
003 101 70 7 7 3889
003 100 1 6 7 2253
003 100 13 7 7 4722
003 101 49 6 6 3323
003 102 108 7 7 7007
003 100 5 6 6 2562
003 101 54 6 6 17307
003 100 16 7 7 3264
003 100 15 7 7 4321
003 100 3 6 6 3988
003 102 104 7 7 3412
003 101 50 6 6 1727
003 100 19 7 7 2529
003 102 102 6 6 2149
003 102 97 6 6 1461
003 100 23 7 7 2882
003 102 100 6 6 1400
003 101 63 7 7 4654
003 101 61 7 7 2677
003 101 56 6 6 1418
003 101 69 7 7 3972
003 100 2 6 6 2103
003 100 7 6 6 3355
003 101 68 7 7 1858
003 102 98 6 6 2591
003 100 24 7 7 3988
003 101 58 6 6 3177
004 1 1 6 6 2478
004 1 1 7 7 4884
004 101 55 6 6 2315
004 100 2 6 6 1943
004 100 12 6 6 1990
004 100 16 7 6 2917
004 101 58 6 6 1436
004 100 7 6 6 1852
004 101 66 7 6 1678
004 102 103 7 7 2421
004 101 56 6 6 3045
004 100 1 6 7 2103
004 100 6 6 6 2512
004 100 15 7 7 2845
004 102 98 6 6 1877
004 102 105 7 7 2639
004 102 97 6 6 2487
004 102 104 7 7 3444
004 100 23 7 7 2995
004 102 106 7 6 3478
004 100 13 7 7 4940
004 100 24 7 7 3207
004 101 62 7 7 1445
004 101 53 6 6 6326
004 102 101 6 6 2193
004 102 99 6 6 1544
004 101 51 6 6 2774
004 101 69 7 7 3588
004 100 9 6 6 3302
004 101 54 6 6 4676
004 100 18 7 7 3265
004 100 4 6 6 2578
004 100 20 7 7 6084
004 100 21 7 7 2490
004 102 100 6 6 2928
004 101 49 6 6 3437
004 101 50 6 7 2651
004 101 60 6 6 2910
004 101 65 7 7 4390
004 100 5 6 6 4002
004 101 71 7 6 2976
004 101 68 7 7 6067
004 100 10 6 6 2296
004 101 70 7 7 1987
004 100 19 7 7 2746
004 101 67 7 7 3284
004 101 59 6 6 1884
004 101 52 6 6 2247
004 101 72 7 6 2742
004 101 63 7 6 2729
004 100 3 6 6 2546
004 102 108 7 7 3036
004 101 61 7 7 2556
004 101 64 7 7 2582
004 100 8 6 7 2036
004 100 22 7 7 3400
004 101 57 6 6 4516
004 100 11 6 7 4533
004 100 14 7 6 4172
004 102 107 7 7 5876
004 102 102 6 6 1849
004 100 17 7 7 2499
005 1 1 6 6 1578
005 1 1 7 7 2983
005 102 104 7 7 2154
005 100 24 7 7 3701
005 102 103 7 7 2931
005 101 59 6 6 2046
005 100 23 7 7 1805
005 100 18 7 7 4180
005 101 53 6 6 2398
005 100 4 6 6 2503
005 100 16 7 6 3752
005 100 11 6 6 1634
005 101 49 6 6 3182
005 100 5 6 6 2857
005 102 105 7 7 1661
005 102 107 7 7 4300
005 102 106 7 7 2031
005 101 70 7 7 1718
005 100 15 7 7 2231
005 101 64 7 7 1937
005 101 61 7 7 2272
005 101 56 6 6 1445
005 100 12 6 6 1910
005 100 17 7 7 2064
005 101 66 7 7 1496
005 100 2 6 6 1550
005 102 101 6 6 3007
005 101 65 7 7 2390
005 101 72 7 7 2344
005 102 98 6 6 2611
005 100 10 6 6 2776
005 102 97 6 6 1968
005 100 22 7 7 3736
005 101 71 7 6 2270
005 101 50 6 6 1590
005 101 52 6 6 1785
005 100 14 7 7 1760
005 100 19 7 7 1978
005 101 62 7 7 1595
005 100 1 6 7 1500
005 102 108 7 7 1860
005 102 99 6 6 1505
005 101 58 6 6 3447
005 101 51 6 6 2742
005 100 20 7 7 2928
005 100 3 6 6 2996
005 100 9 6 6 2070
005 101 57 6 6 2901
005 101 68 7 6 1140
005 101 69 7 7 2968
005 102 100 6 7 4404
005 101 54 6 6 4331
005 100 7 6 6 1538
005 100 21 7 6 1774
005 100 13 7 7 5658
005 100 8 6 6 3034
005 101 55 6 6 1947
005 100 6 6 6 1743
005 102 102 6 6 1524
005 101 60 6 6 1730
005 101 67 7 7 1983
005 101 63 7 7 2390
006 1 1 6 6 3500
006 1 1 7 7 6290
006 101 62 7 7 5323
006 100 9 6 6 3226
006 100 3 6 6 7106
006 101 65 7 7 5806
006 101 55 6 6 7634
006 100 15 7 6 4674
006 102 104 7 6 7460
006 101 70 7 7 6164
006 101 54 6 6 3174
006 100 12 6 6 4915
006 100 24 7 7 3484
006 100 2 6 6 3513
006 101 58 6 6 1519
006 100 4 6 6 6996
006 100 8 6 6 2251
006 101 57 6 6 2797
006 102 100 6 6 6064
006 100 20 7 7 3719
006 100 17 7 7 3783
006 100 10 6 6 3055
006 100 16 7 7 3499
006 101 53 6 6 4189
006 102 102 6 6 2415
006 102 105 7 7 3814
006 100 18 7 7 4635
006 102 98 6 6 8404
006 101 67 7 7 4271
006 102 106 7 7 6656
006 100 22 7 7 5316
006 100 21 7 7 2934
006 101 51 6 6 3755
006 100 23 7 7 2063
006 100 19 7 7 3568
006 101 72 7 7 3425
006 100 14 7 7 6652
006 100 6 6 6 4144
006 102 107 7 7 3028
006 101 52 6 6 5479
006 101 59 6 6 2846
006 100 7 6 6 2336
006 101 71 7 7 3221
006 102 97 6 6 1993
006 101 49 6 6 3953
006 102 103 7 7 2094
006 102 108 7 7 4044
006 101 64 7 7 5088
006 101 60 6 6 2783
006 101 68 7 7 2110
006 102 101 6 6 1918
006 100 11 6 6 2668
006 101 66 7 6 2282
006 100 5 6 6 3398
006 101 63 7 7 9561
006 101 69 7 7 4831
006 100 1 6 7 4485
006 101 61 7 7 3875
006 100 13 7 6 3329
006 102 99 6 6 1850
006 101 50 6 6 5492
006 101 56 6 6 1909
007 1 1 6 6 3106
007 1 1 7 7 3391
007 101 57 6 6 4633
007 101 65 7 6 6615
007 100 20 7 7 4813
007 101 55 6 6 2677
007 101 58 6 6 3087
007 101 49 6 6 3679
007 101 72 7 7 7177
007 100 8 6 6 4803
007 100 24 7 7 8461
007 100 16 7 7 7311
007 102 97 6 6 2729
007 100 17 7 7 2265
007 100 3 6 6 2901
007 100 21 7 7 2333
007 101 51 6 6 3098
007 100 13 7 7 1898
007 100 15 7 7 1781
007 101 63 7 7 8929
007 101 71 7 7 3619
007 102 104 7 7 2984
007 102 107 7 7 1930
007 102 99 6 6 1827
007 101 60 6 6 2512
007 101 61 7 7 2528
007 100 19 7 7 2841
007 102 98 6 6 4026
007 102 103 7 7 2741
007 100 2 6 6 1349
007 101 54 6 6 9287
007 102 106 7 7 2356
007 100 11 6 6 2759
007 101 50 6 6 2138
007 102 102 6 6 2529
007 100 22 7 7 3535
007 102 105 7 7 4143
007 100 7 6 6 2832
007 101 62 7 7 4153
007 102 101 6 6 1746
007 102 100 6 6 1376
007 101 69 7 7 3688
007 101 68 7 7 1243
007 100 4 6 6 2602
007 100 9 6 6 3035
007 100 10 6 6 5477
007 101 67 7 7 2298
007 100 1 6 7 9156
007 100 6 6 6 2325
007 101 70 7 7 1746
007 100 5 6 6 2163
007 100 12 6 6 7153
007 100 23 7 7 1133
007 101 59 6 6 2505
007 101 53 6 6 4631
007 100 14 7 7 2103
007 101 52 6 6 1790
007 100 18 7 7 1932
007 102 108 7 7 11152
007 101 66 7 7 1753
007 101 56 6 6 1589
007 101 64 7 7 1997
008 1 1 6 6 10421
008 1 1 7 7 5629
008 102 101 6 6 8629
008 100 2 6 6 2705
008 101 66 7 7 3480
008 101 51 6 6 3416
008 100 15 7 7 4199
008 101 64 7 6 5763
008 100 10 6 6 7919
008 100 20 7 7 3209
008 100 21 7 7 3071
008 100 16 7 7 8584
008 100 1 6 7 3100
008 101 57 6 6 5366
008 101 50 6 6 4949
008 101 61 7 7 6176
008 101 65 7 6 4470
008 101 52 6 6 3043
008 101 53 6 7 7133
008 100 6 6 6 2817
008 100 18 7 7 2997
008 101 54 6 6 5712
008 101 68 7 6 8858
008 100 19 7 7 2312
008 100 24 7 7 5724
008 100 12 6 6 2543
008 100 3 6 6 2663
008 100 9 6 6 3972
008 100 17 7 7 3322
008 102 104 7 6 4112
008 100 23 7 7 1880
008 100 5 6 6 2107
008 100 22 7 7 3195
008 102 102 6 6 4141
008 101 55 6 6 2013
008 101 72 7 7 9284
008 100 8 6 6 2914
008 102 98 6 6 3002
008 100 11 6 6 2455
008 101 59 6 6 2438
008 101 63 7 7 4931
008 101 62 7 7 1382
008 101 67 7 7 2245
008 102 103 7 7 3578
008 101 71 7 6 2993
008 102 99 6 6 2050
008 102 97 6 6 2172
008 102 107 7 7 3770
008 101 56 6 6 1960
008 100 4 6 6 1994
008 101 70 7 7 2098
008 102 105 7 7 1740
008 101 58 6 6 1641
008 102 108 7 7 1699
008 101 60 6 6 2406
008 102 100 6 6 1441
008 101 69 7 7 5216
008 100 14 7 7 3573
008 100 13 7 6 1262
008 102 106 7 7 2072
008 100 7 6 6 2839
008 101 49 6 7 8214
